0.5 0.204331 0.00290691 0.174262 0.00230207 0.205539 0.00281662 0.225944 0.00298517 
1.5 0.209978 0.00311248 0.18214 0.00237806 0.212957 0.00281386 0.228554 0.00307215 
2.5 0.220573 0.00308063 0.185133 0.00247465 0.207892 0.00269372 0.234375 0.00302979 
3.5 0.225121 0.00300489 0.18579 0.00261737 0.22123 0.00295158 0.237687 0.0031071 
4.5 0.233442 0.00312782 0.190575 0.00260458 0.227382 0.0030595 0.246236 0.00327803 
5.5 0.241721 0.0033628 0.191773 0.00273863 0.23496 0.00318899 0.248156 0.00346615 
6.5 0.249773 0.00334916 0.19459 0.00262598 0.235 0.00318535 0.259313 0.00344032 
7.5 0.258464 0.00343354 0.198427 0.00259238 0.235627 0.00319261 0.253967 0.00328796 
8.5 0.273939 0.00336684 0.212849 0.00289402 0.253322 0.0033849 0.265892 0.00350402 
9.5 0.279959 0.00340653 0.210687 0.00273343 0.252991 0.00334854 0.273118 0.00349323 
10.5 0.293991 0.0034689 0.213449 0.00295572 0.260466 0.00345016 0.277116 0.00372749 
11.5 0.302205 0.00358477 0.219772 0.00300522 0.272996 0.00366161 0.285641 0.00366807 
12.5 0.309914 0.00353334 0.227372 0.0031058 0.279482 0.00380544 0.294094 0.00372181 
13.5 0.328332 0.00371487 0.237441 0.00330395 0.293367 0.00372913 0.307517 0.00384276 
14.5 0.338436 0.00346606 0.23981 0.00302483 0.29416 0.00375117 0.311766 0.00406566 
15.5 0.347758 0.00356581 0.250922 0.00326281 0.305261 0.00383227 0.326181 0.00410099 
16.5 0.365701 0.00356441 0.258375 0.0032781 0.315293 0.00388911 0.330499 0.00417907 
17.5 0.367372 0.0034512 0.253808 0.00326485 0.321431 0.00392206 0.338283 0.0042151 
18.5 0.384934 0.00351926 0.265029 0.00330347 0.337914 0.00406169 0.3431 0.00405204 
19.5 0.39269 0.00366443 0.27514 0.00351148 0.341712 0.00414064 0.35143 0.00427527 
20.5 0.401473 0.00374305 0.273516 0.00358548 0.358614 0.00418009 0.356896 0.00416546 
21.5 0.413102 0.00355019 0.292289 0.00362761 0.358651 0.00418621 0.369136 0.00438295 
22.5 0.427034 0.00383539 0.296235 0.00365985 0.372628 0.00421402 0.380725 0.00441407 
23.5 0.431499 0.00375545 0.299265 0.00371939 0.382577 0.00431926 0.389387 0.00434617 
24.5 0.439189 0.00369205 0.311832 0.00386343 0.385893 0.00421822 0.402628 0.00437094 
25.5 0.450616 0.00379874 0.313514 0.00394229 0.400368 0.00432907 0.399319 0.0045687 
26.5 0.467875 0.00372442 0.33095 0.00415379 0.415229 0.00440268 0.419336 0.00467775 
27.5 0.46088 0.00380896 0.331798 0.00411003 0.405807 0.00440891 0.417751 0.00465029 
28.5 0.47972 0.00384613 0.347364 0.00422264 0.422968 0.00449089 0.441667 0.00472636 
29.5 0.492363 0.00404098 0.347327 0.004089 0.44823 0.00451361 0.436979 0.00473262 
30.5 0.495468 0.00393807 0.353814 0.00432914 0.448778 0.0045501 0.448251 0.00476577 
31.5 0.496101 0.00403826 0.365475 0.00420761 0.444019 0.00461561 0.457438 0.00477001 
32.5 0.515119 0.00407165 0.370931 0.00442565 0.469011 0.00474168 0.466466 0.00498134 
33.5 0.517157 0.00407965 0.384361 0.0043639 0.46881 0.00467784 0.475358 0.00495278 
34.5 0.521734 0.00426152 0.398587 0.00448578 0.470043 0.00489723 0.483042 0.00509947 
35.5 0.533448 0.00414089 0.402029 0.00456587 0.484738 0.00486682 0.493772 0.00502465 
36.5 0.5452 0.00418512 0.409699 0.0044885 0.498849 0.00486481 0.50335 0.00488197 
37.5 0.550357 0.00434906 0.435958 0.00482947 0.504274 0.00485182 0.522333 0.00485766 
38.5 0.553283 0.00425168 0.430759 0.00466994 0.516672 0.00483952 0.523645 0.00499679 
39.5 0.559031 0.00440764 0.442103 0.00478696 0.523858 0.00486247 0.533736 0.00492881 
40.5 0.56544 0.00437674 0.445617 0.00488343 0.527092 0.00493144 0.534176 0.005024 
41.5 0.57917 0.00454464 0.471485 0.00496283 0.549007 0.00502571 0.557007 0.00501096 
42.5 0.592046 0.0043422 0.468056 0.00498411 0.552143 0.00495545 0.555822 0.00506005 
43.5 0.592936 0.00457793 0.481171 0.00494029 0.569772 0.00498512 0.565964 0.00511022 
44.5 0.593949 0.00461951 0.489702 0.00518023 0.570368 0.00500528 0.566791 0.00507647 
45.5 0.603476 0.00460306 0.504279 0.00515271 0.579267 0.0049466 0.574315 0.00506831 
46.5 0.610041 0.00464999 0.509892 0.00503805 0.583093 0.00506506 0.582295 0.00501243 
47.5 0.621872 0.00472127 0.529467 0.00521912 0.594097 0.00513113 0.590222 0.00519572 
48.5 0.630334 0.0049082 0.541522 0.00534537 0.600321 0.00509618 0.603457 0.00514217 
49.5 0.64264 0.00478946 0.55266 0.00527059 0.619842 0.00503581 0.610989 0.00514434 
50.5 0.64261 0.00485952 0.559469 0.00533725 0.617024 0.00494284 0.605188 0.00519838 
51.5 0.648497 0.00499357 0.561288 0.00536566 0.620248 0.00509332 0.61351 0.00507876 
52.5 0.656422 0.00511643 0.590823 0.0053892 0.624647 0.00524657 0.621634 0.00514466 
53.5 0.65963 0.00490572 0.596193 0.00527851 0.632862 0.00510755 0.631266 0.00512287 
54.5 0.665848 0.00512315 0.597962 0.00544218 0.630401 0.00522276 0.622434 0.0052735 
55.5 0.674328 0.00514175 0.610936 0.00545997 0.640821 0.005333 0.62769 0.005342 
56.5 0.678853 0.00530223 0.611919 0.00553434 0.641701 0.00535093 0.621471 0.00535861 
57.5 0.69293 0.00534401 0.624081 0.00561702 0.646709 0.00548143 0.623053 0.00548206 
58.5 0.686955 0.00545462 0.625691 0.00564142 0.639951 0.00548863 0.627459 0.0056141 
59.5 0.697684 0.0053723 0.644635 0.00558003 0.650209 0.00547118 0.634695 0.00540981 
60.5 0.695514 0.00557107 0.631455 0.00585565 0.639796 0.00577184 0.610954 0.00586342 
61.5 0.704453 0.0055461 0.645798 0.00585787 0.647699 0.00572782 0.620709 0.00574931 
62.5 0.696442 0.00593181 0.638097 0.00604063 0.636145 0.00593959 0.607812 0.00601766 
63.5 0.694202 0.0060505 0.633965 0.00621768 0.622838 0.00614962 0.596858 0.00613144 
64.5 0.68951 0.00621192 0.638646 0.00624663 0.626983 0.00615165 0.591339 0.00617281 
65.5 0.682077 0.00632903 0.628223 0.00635555 0.609459 0.00640065 0.581299 0.00636302 
66.5 0.681177 0.0066664 0.623973 0.00667743 0.606595 0.0066151 0.568857 0.00656969 
67.5 0.664832 0.00702211 0.604203 0.00700293 0.580559 0.00702137 0.547119 0.00693159 
68.5 0.655828 0.00713019 0.588026 0.00715179 0.564503 0.00713793 0.524364 0.00708086 
69.5 0.641855 0.00741258 0.578408 0.00734951 0.552936 0.00732401 0.506085 0.00732851 
70.5 0.627267 0.00765023 0.566338 0.00754272 0.531837 0.00745806 0.494277 0.00739004 
71.5 0.600472 0.00796945 0.541906 0.0079081 0.506111 0.00782129 0.470979 0.00773069 
72.5 0.607323 0.0080193 0.543986 0.00792339 0.506849 0.00790838 0.466512 0.00776995 
73.5 0.572701 0.008505 0.514499 0.00826979 0.476326 0.00814503 0.437616 0.00792001 
74.5 0.552158 0.00877127 0.493244 0.00859678 0.457321 0.00844786 0.417422 0.00824954 
75.5 0.515955 0.00905482 0.46624 0.00882629 0.431781 0.00865721 0.39758 0.00838477 
76.5 0.507818 0.00901019 0.446486 0.00874222 0.412053 0.00854409 0.370998 0.00829157 
77.5 0.474975 0.00938797 0.423817 0.00899872 0.384012 0.00868974 0.348872 0.00838545 
78.5 0.437088 0.00983561 0.387899 0.00942026 0.35155 0.00916605 0.318941 0.00884317 
79.5 0.406011 0.010013 0.361149 0.00958493 0.325748 0.00922772 0.292342 0.00885933 
80.5 0.385227 0.0100206 0.341245 0.00954321 0.306127 0.00919529 0.273418 0.00884847 
81.5 0.371994 0.0101498 0.32615 0.00968201 0.292405 0.00933634 0.26194 0.00899669 
82.5 0.313656 0.0104174 0.279614 0.0100214 0.251477 0.00962657 0.228611 0.00926969 
83.5 0.27701 0.0105281 0.243997 0.00994696 0.216649 0.00948723 0.193 0.00905702 
84.5 0.257424 0.010732 0.226632 0.0102124 0.200619 0.00976532 0.178526 0.00934789 
85.5 0.197342 0.0110657 0.178509 0.0105336 0.163305 0.0100515 0.147049 0.00948934 
86.5 0.194357 0.0106644 0.166885 0.0100857 0.145128 0.00943811 0.127689 0.0089748 
87.5 0.15481 0.011095 0.136969 0.0104239 0.120813 0.00989773 0.105861 0.00941215 
88.5 0.132073 0.0105774 0.110885 0.0100692 0.095166 0.0096152 0.0844629 0.00920635 
89.5 0.11275 0.010708 0.0954287 0.00990652 0.0813516 0.00930782 0.0698416 0.00891239 
90.5 0.0952627 0.0105306 0.0790277 0.0093412 0.0652831 0.00853435 0.0540109 0.00801582 
91.5 0.0657751 0.0109845 0.0546927 0.0100864 0.0458696 0.00917537 0.0388572 0.00832651 
92.5 0.0359637 0.0111817 0.0298444 0.0109672 0.0245821 0.0110466 0.0214224 0.00998019 
93.5 0.0488203 0.010655 0.0393449 0.0101796 0.0324213 0.0104494 0.0275686 0.0109473 
94.5 0 0 0 0 0 0 0 0 
95.5 0.00380256 0.0038016 0.00463052 0.00462936 0.00360794 0.00360703 0.00260324 0.00260258 
96.5 0 0 0 0 0 0 0 0 
97.5 0 0 0 0 0 0 0 0 
98.5 0 0 0 0 0 0 0 0 
99.5 0 0 0 0 0 0 0 0 
