2.5 -0.619941 0.0169921 -0.00141649 0.000152236 1.19519 0.0293926 -0.373301 0.0656296 -0.000263197 0.000183053 1.87907 0.314239 0.520299 0.0203637 0.00150999 0.000246514 -1.28517 0.070343 0.639963 0.00941291 0.00481128 0.000323339 -0.88423 0.0533147 
7.5 -0.522438 0.0253484 -0.00107827 0.000205123 1.39379 0.058891 0.356798 0.0690378 0.000296625 0.000231977 -1.95846 0.399628 0.604444 0.0118552 0.00379745 0.000328063 -1.03178 0.0464522 0.67997 0.00728946 0.00799009 0.000416735 -0.602087 0.200901 
12.5 0.349225 0.0729472 0.000347901 0.000293524 -2.02434 0.443744 0.443647 0.0334357 0.00103683 0.000320078 -1.59893 0.138433 0.65926 0.00832297 0.00738914 0.000440317 -0.827846 0.0582388 0.731733 0.00527622 0.0143861 0.000558997 0.839018 0.017442 
17.5 0.617213 0.0107916 0.00547037 0.000428729 -1.00168 0.0444945 0.638907 0.00935378 0.00672075 0.000454005 -0.933489 0.0451516 0.725359 0.00546924 0.015467 0.000624171 0.807632 0.0240294 0.771008 0.0041059 0.0241118 0.000767066 0.899814 0.00711438 
22.5 0.710756 0.0060716 0.0147214 0.000645332 0.772891 0.0362115 0.705816 0.00617226 0.0145016 0.000653815 0.691174 0.0722666 0.771559 0.00410423 0.0269388 0.000858706 0.897461 0.00731354 0.81163 0.00316224 0.0380836 0.000989011 0.939978 0.00310942 
27.5 0.770734 0.00406188 0.0301345 0.000945723 0.907606 0.0063912 0.770007 0.00409232 0.0293372 0.000933528 0.898948 0.00717202 0.81977 0.00297405 0.045911 0.00114224 0.94561 0.00264367 0.838813 0.00259243 0.0530371 0.00119328 0.957691 0.00182266 
32.5 0.805105 0.00323742 0.0488726 0.00129657 0.936837 0.00335628 0.802986 0.00331887 0.0457783 0.00124588 0.929671 0.00382571 0.841159 0.00256391 0.061816 0.00138524 0.957169 0.00182557 0.853806 0.00233601 0.0648299 0.00135388 0.964432 0.00141667 
37.5 0.842749 0.00253571 0.080309 0.00179121 0.957091 0.00181365 0.843376 0.00253143 0.0724688 0.00161242 0.957429 0.00179741 0.864169 0.00217621 0.0819138 0.0016278 0.968064 0.00121599 0.864559 0.00216857 0.0752239 0.00148736 0.968756 0.00119053 
42.5 0.856815 0.00235946 0.104318 0.00221104 0.960842 0.00157577 0.85038 0.00247599 0.0852159 0.00186753 0.957713 0.00176136 0.862223 0.00228431 0.0854098 0.00175644 0.964184 0.00141626 0.856024 0.00238185 0.0705936 0.0014908 0.962503 0.00153494 
47.5 0.860299 0.00243195 0.118267 0.00255212 0.957578 0.00176715 0.848397 0.00265383 0.0897846 0.00206545 0.950437 0.00221115 0.842813 0.0027515 0.0740634 0.00174645 0.947861 0.00240224 0.824895 0.00313022 0.0550568 0.00142937 0.933524 0.00346773 
52.5 0.821313 0.00347472 0.092828 0.00262808 0.909334 0.0054369 0.795659 0.00408523 0.0619728 0.00200042 0.867334 0.010232 0.76768 0.00485474 0.041985 0.00156699 0.778943 0.027156 0.713994 0.00666283 0.0233078 0.00115915 -0.852896 0.0406517 
57.5 0.732329 0.00657916 0.0502807 0.00246662 -0.86347 0.0381833 0.65793 0.010003 0.0227186 0.00169162 -1.13617 0.0324021 0.523671 0.0219637 0.00648876 0.00117974 -1.55138 0.0778366 -0.490655 0.0299539 -0.00350942 0.000807218 1.75475 0.0968932 
62.5 -0.543547 0.0250114 -0.0103588 0.00174031 1.65277 0.0667295 -0.705907 0.0128134 -0.0193487 0.001087 1.32277 0.0181575 -0.810368 0.00956051 -0.0225502 0.000695237 1.18709 0.00983318 -0.896793 0.00806772 -0.0224702 0.000461627 1.09755 0.00690832 
67.5 -0.903676 0.0087484 -0.0478564 0.000939139 1.12174 0.00734452 -0.989316 0.00774586 -0.0412704 0.000546928 1.04364 0.0057889 -1.06005 0.00728749 -0.0344758 0.000415113 0.981855 0.00541731 -1.12841 0.00707444 -0.0277236 0.000373871 0.918269 0.00583903 
72.5 -1.15382 0.0077342 -0.0621066 0.00048275 0.94088 0.00550973 -1.22687 0.00762703 -0.0453053 0.000499153 0.869184 0.00663693 -1.29415 0.00771663 -0.0336349 0.000487685 0.782563 0.0100407 -1.35933 0.00792656 -0.0248838 0.000453746 0.609409 0.0334762 
77.5 -1.38784 0.0087748 -0.053917 0.000722473 0.713151 0.0154839 -1.46859 0.00909752 -0.0356012 0.00065275 -0.643173 0.0252708 -1.54544 0.00958683 -0.0244116 0.00055786 -0.791782 0.00931474 -1.61654 0.0102063 -0.0169619 0.000464255 -0.860563 0.00662038 
82.5 -1.7212 0.0124499 -0.0331374 0.000836639 -0.866885 0.00655701 -1.82006 0.0134273 -0.0205558 0.000652204 -0.928364 0.00534928 -1.91504 0.014638 -0.0135084 0.00050946 -0.970752 0.00503884 -2.00268 0.0161077 -0.00917193 0.00039623 -1.00163 0.005036 
87.5 -2.26249 0.0236751 -0.0125529 0.000604419 -1.03611 0.00536959 -2.40635 0.0267088 -0.00703386 0.000420231 -1.07887 0.00582989 -2.54101 0.0303182 -0.00427095 0.00030485 -1.11359 0.00649504 -2.66503 0.0343613 -0.00272146 0.000228045 -1.14437 0.00732049 
92.5 -3.68291 0.0941853 -0.00184873 0.000242607 -1.24971 0.0123918 -3.88508 0.105567 -0.000926715 0.000145874 -1.28661 0.0147837 -4.08566 0.121532 -0.000479591 8.92568e-05 -1.31997 0.0175717 -4.25948 0.138306 -0.000253683 5.55483e-05 -1.35251 0.0210215 
97.5 -nan nan 0 0 -nan nan -nan nan 0 0 -nan nan -nan nan 0 0 -nan nan -nan nan 0 0 -nan nan 
