0.5 -0.762386 0.05369 -0.000303483 8.70783e-05 -0.845915 1.5099 0.982576 0.000656139 37688.2 557.086 0.999622 4.81863e-05 0.683245 0.0227554 0.0288379 0.00495051 -0.923797 0.108604 -0.6474 0.0537567 -0.000117153 3.86731e-05 0.991085 0.107127 
1.5 -0.77731 0.0366856 -0.000363841 7.00401e-05 0.932612 0.0825283 0.979611 0.000741031 37662.8 604.355 0.999543 5.5009e-05 0.682557 0.0228666 0.0292722 0.00506315 -0.935703 0.105053 -0.492563 0.171734 -4.55433e-05 5.31278e-05 -1.34507 0.440309 
2.5 -0.72804 0.0377859 -0.000306805 6.33483e-05 1.02584 0.0627219 0.980347 0.000727554 37056 587.71 0.999504 5.59617e-05 0.677426 0.0237458 0.029336 0.00526807 -0.965916 0.100895 -0.705565 0.0601272 -0.000185089 6.36232e-05 -0.943053 0.112769 
3.5 -0.750911 0.040731 -0.000395939 8.65776e-05 0.949593 0.0917306 0.976301 0.000876716 35431.8 621.679 0.999368 6.95992e-05 0.646969 0.028401 0.0229474 0.0049397 -1.07698 0.0992105 -0.723359 0.0781617 -0.000251528 0.000102401 -1.03108 0.338301 
4.5 -0.642986 0.0495328 -0.000247885 7.52153e-05 1.10982 0.0753668 0.975493 0.000866822 34387.4 601.887 0.999532 6.88097e-05 0.659826 0.0261043 0.0244875 0.00484586 -1.03032 0.0970896 -0.610196 0.0598429 -0.000133193 5.13293e-05 1.06158 0.11654 
5.5 -0.731403 0.0397591 -0.000472192 0.000104092 0.967319 0.0685153 0.972402 0.000983541 32642.4 621.799 0.999217 8.44922e-05 0.690636 0.0219551 0.0314656 0.00523032 -0.905767 0.110333 -0.733113 0.0583858 -0.00029251 9.33764e-05 -0.857507 1.36094 
6.5 -0.719437 0.0424103 -0.00052699 0.000125407 0.966154 0.0789358 0.970842 0.00102088 31351.2 603.024 0.999402 8.7494e-05 0.643744 0.0284352 0.0216633 0.00467542 -1.07544 0.0996916 -0.635091 0.0586412 -0.000181965 6.62339e-05 1.01123 0.123362 
7.5 -0.706655 0.044228 -0.000582897 0.000145248 1.0111 0.0823481 0.969015 0.00109985 28841.4 572.662 0.999378 9.54971e-05 0.701125 0.0205801 0.0342796 0.00535511 -0.84681 0.128331 -0.653384 0.0573444 -0.000226624 7.8918e-05 0.915805 0.154446 
8.5 -0.5394 0.0876748 -0.00023043 0.000143554 1.14201 0.203884 0.967271 0.00109178 26850 535.887 0.999623 9.84817e-05 0.633532 0.0307853 0.0217406 0.00510665 -1.12931 0.101888 -0.699171 0.0617165 -0.000348258 0.000122831 -0.89839 0.213986 
9.5 -0.528862 0.0793123 -0.000247723 0.000144562 1.27001 0.163135 0.964741 0.0012717 24544.5 515.46 0.999497 0.000119902 0.672699 0.0242355 0.028305 0.00519742 -0.982932 0.0987135 -0.713535 0.0451391 -0.000436173 0.000112292 0.862894 0.13314 
10.5 0.596356 0.0547917 0.000503386 0.000195302 0.996129 0.209153 0.964233 0.00126563 22671.9 472.673 0.999694 0.000119917 0.664654 0.02557 0.0267371 0.00518167 -1.01983 0.0967053 -0.725344 0.0509753 -0.000463099 0.000130228 0.798368 0.220985 
11.5 0.539531 0.0761264 0.000350892 0.000212134 1.10611 0.317223 0.962708 0.0014286 20959.5 439.983 1 0.000158488 0.64779 0.0280743 0.023449 0.00499981 -1.07419 0.0981084 -0.632006 0.0663744 -0.0003466 0.00014196 0.844334 0.280582 
12.5 0.62759 0.0334646 0.000722683 0.000166279 0.809667 0.165372 0.96003 0.00149302 18998.7 416.95 0.99987 0.000178786 0.66654 0.0248866 0.0251178 0.00471498 -0.98598 0.101501 -0.709321 0.0488217 -0.000581535 0.000162512 0.819827 0.162945 
13.5 0.674553 0.0270103 0.00129336 0.000222552 0.993998 0.0210813 0.959201 0.0015212 17163.4 382.3 0.999806 0.000158982 0.651238 0.0275367 0.0240964 0.00503789 -1.06395 0.0974166 -0.620713 0.0719927 -0.000411902 0.000182819 0.902463 0.273465 
14.5 0.698913 0.0224892 0.00159023 0.000229443 0.972792 0.0181152 0.958484 0.00162102 15834.9 348.977 1.00021 0.000205111 0.674489 0.0239975 0.0281844 0.00511854 -0.973322 0.100049 -0.492354 0.151045 -0.00016363 0.00016668 1.02885 0.660359 
15.5 0.754524 0.0156887 0.00242092 0.000245585 0.983683 0.00934236 0.958532 0.00169003 14897.9 326.207 1.00037 0.000225542 0.668022 0.0255658 0.0269559 0.00520848 -1.01845 0.096776 -0.53304 0.0871061 -0.000262698 0.00016514 1.17506 0.194276 
16.5 0.7586 0.0160226 0.00309694 0.000309406 0.997829 0.0109104 0.956944 0.00180322 13049.6 289.031 1.0006 0.000296855 0.676684 0.0236272 0.0285959 0.00510542 -0.957321 0.102839 -0.539599 0.0779797 -0.000309945 0.000174128 1.21929 0.156393 
17.5 0.7715 0.0163455 0.0035759 0.000346226 1.01078 0.0111468 0.958927 0.0017025 11973 262.456 1.00029 0.000252698 0.630362 0.0309823 0.0196003 0.00462737 -1.12485 0.103393 -0.488087 0.113508 -0.000223302 0.000197293 1.21292 0.27696 
18.5 0.816876 0.0100838 0.0053748 0.000372201 0.993232 0.0039202 0.957283 0.00183195 10739.4 235.275 1.00075 0.000345509 0.684538 0.0224318 0.0303184 0.0051495 -0.920195 0.108272 0.420822 0.13431 0.000153975 0.000203115 -1.35721 0.567384 
19.5 0.818599 0.0100437 0.00601172 0.000402819 0.99932 0.00413056 0.957828 0.00172884 9647.01 214.847 1.00027 0.000243602 0.698338 0.0208279 0.0332876 0.00526337 -0.859294 0.1234 0.427649 0.135168 0.000184615 0.000248111 -1.22742 0.570036 
20.5 0.815633 0.0102462 0.00644957 0.00044919 0.994324 0.00403425 0.955475 0.00180735 9085.54 205.615 1.00052 0.000266988 0.707234 0.019823 0.0370314 0.00558007 -0.803023 0.149905 0.390662 0.174146 0.000146299 0.000273022 -1.37632 0.794644 
21.5 0.845575 0.00810462 0.00799016 0.000458445 0.998179 0.00296667 0.955811 0.00182803 8461.1 191.854 1.00045 0.000330789 0.606583 0.0362686 0.0170382 0.00476726 -1.2149 0.115464 0.499043 0.0859043 0.000389015 0.00027675 0.884849 0.442971 
22.5 0.834794 0.0085548 0.00943523 0.000561238 1.00012 0.00288245 0.953485 0.00192835 7115.82 168.293 1.00024 0.000292303 0.626325 0.0318376 0.0195544 0.00475205 -1.14076 0.104987 0.633212 0.0317802 0.00132157 0.000288673 0.804245 0.158308 
23.5 0.853629 0.00691149 0.0109281 0.00060346 0.992281 0.00217481 0.954414 0.00180622 7008.17 162.661 1.00027 0.000253806 0.664493 0.0254505 0.0254054 0.00487974 -1.00477 0.0996601 0.620071 0.0353493 0.00123658 0.000303463 0.672083 0.506732 
24.5 0.859344 0.00671936 0.0116317 0.000616658 0.9946 0.00188962 0.951823 0.00194869 6337.24 155.474 0.999854 0.000297959 0.658178 0.0267746 0.0244626 0.00495343 -1.04344 0.0975052 0.587745 0.0439446 0.00112901 0.000353252 0.774787 0.321739 
25.5 0.845964 0.00830316 0.0120178 0.000692942 0.998933 0.00306435 0.951399 0.00221415 5611.78 137.334 1.00032 0.00050556 0.692194 0.0215349 0.0320718 0.0052343 -0.887332 0.11535 0.604313 0.0373544 0.00139808 0.000372947 -0.844219 0.259722 
26.5 0.866056 0.00619142 0.0141387 0.000724175 0.993601 0.00147333 0.951437 0.00182162 5249.89 128.381 0.99985 0.000227303 0.633591 0.030751 0.0215591 0.00506179 -1.1303 0.101428 0.713495 0.0190176 0.00297468 0.000384705 0.922422 0.0259245 
27.5 0.874498 0.00558633 0.01601 0.00078397 0.992956 0.0013022 0.947716 0.00224139 4889.23 124.948 1.00015 0.000468036 0.653291 0.0274003 0.0254639 0.00529637 -1.06291 0.0970405 0.630225 0.0320781 0.00183417 0.000408338 0.684638 0.420943 
28.5 0.868124 0.00602767 0.0169845 0.000861045 0.993271 0.00146224 0.942649 0.00233165 4448.58 120.128 0.999955 0.000374072 0.633053 0.0307531 0.0203618 0.00476444 -1.12109 0.102737 0.71221 0.0190281 0.0035121 0.000453576 0.927301 0.0244546 
29.5 0.87055 0.00574746 0.0196979 0.00097493 0.9937 0.0013165 0.944956 0.00223526 3977.89 104.771 0.999978 0.000321794 0.668482 0.0251447 0.0271332 0.0051537 -1.00295 0.098422 0.707307 0.0197505 0.0041662 0.000557576 0.92069 0.0278872 
30.5 0.882423 0.00529292 0.020768 0.000951276 0.995777 0.00120655 0.940568 0.00263779 3662.42 98.8201 1.00087 0.000519814 0.696694 0.020897 0.032096 0.00508082 -0.853163 0.127075 0.715254 0.0208074 0.00434258 0.000576452 0.973904 0.0164922 
31.5 0.862116 0.00663266 0.0196494 0.00104631 0.992736 0.00201429 0.938903 0.00264318 3429.34 95.5879 1.00036 0.00047604 0.700344 0.0209801 0.0343976 0.00546757 -0.867057 0.12063 0.683814 0.0233214 0.00369115 0.000565288 0.954329 0.0250576 
32.5 0.881328 0.0050564 0.0250147 0.00116784 0.993344 0.00113691 0.937213 0.00285574 3172.48 89.857 1.00064 0.000581538 0.680948 0.0234422 0.0299582 0.00530243 -0.954524 0.102433 0.711424 0.0188408 0.00512913 0.000656884 0.930925 0.023821 
33.5 0.881386 0.00556426 0.0251219 0.00117628 0.995351 0.00149644 0.936854 0.00285548 2903.95 80.9983 1.00114 0.000563632 0.694499 0.0214693 0.032664 0.00531109 -0.885648 0.115767 0.729331 0.0182245 0.00583141 0.00068963 0.971751 0.0134683 
34.5 0.871094 0.00604769 0.0242658 0.00119025 0.996045 0.00153535 0.93412 0.00285365 2501.72 73.8799 1.00003 0.000643764 0.64986 0.0279281 0.0234934 0.00498097 -1.07264 0.0975738 0.71884 0.0197579 0.00554783 0.000710365 0.964285 0.0163809 
35.5 0.885339 0.00514849 0.029472 0.00135257 0.994258 0.00113947 0.929847 0.00306554 2268.09 69.1216 1.00032 0.000601369 0.686569 0.0222776 0.0320824 0.00542198 -0.92146 0.106625 0.753354 0.0148692 0.00782845 0.000796057 0.960692 0.0106446 
36.5 0.892859 0.00458494 0.03323 0.00145033 0.994272 0.000913777 0.92629 0.00376147 2127.65 66.641 1.00172 0.00152524 0.686664 0.0225138 0.0314254 0.00535308 -0.926262 0.106347 0.767872 0.0138135 0.00913286 0.000868115 0.964949 0.00864182 
37.5 0.879139 0.00515773 0.0320734 0.00154049 0.99168 0.00118747 0.914676 0.00484514 1875.42 66.7833 1.00232 0.00262762 0.687725 0.0223674 0.0317709 0.00538289 -0.923981 0.10604 0.759701 0.0141341 0.00941431 0.000928561 0.956188 0.0102073 
38.5 0.881678 0.00528024 0.0332049 0.00159576 0.991546 0.00125023 0.921369 0.00380008 1797.51 59.1203 1.00107 0.00108219 0.665013 0.0254982 0.0262888 0.00507402 -1.01478 0.0976293 0.785424 0.0116058 0.0115956 0.000974197 0.969273 0.00640368 
39.5 0.882449 0.00515329 0.036383 0.00169541 0.993655 0.00112258 0.91163 0.00372785 1656.23 58.4702 1 0.000677039 0.679808 0.0233104 0.0294071 0.00518047 -0.94905 0.103538 0.803141 0.0104682 0.0139087 0.00107369 0.974023 0.00501223 
40.5 0.891548 0.00471174 0.0394035 0.00176431 0.993044 0.000992115 0.913403 0.00483004 1531.47 54.7273 1.0024 0.00240175 0.675289 0.0237942 0.0273759 0.00492335 -0.962784 0.102023 0.783805 0.0115363 0.0128232 0.00107728 0.968902 0.0066204 
41.5 0.897265 0.00435318 0.0457538 0.00201118 0.991869 0.000924545 0.900243 0.00459115 1292.8 50.1078 1.00043 0.00110224 0.682731 0.0231703 0.031231 0.00548078 -0.953719 0.100978 0.796202 0.0106212 0.016162 0.00131469 0.960539 0.00682753 
42.5 0.894266 0.00448739 0.0428803 0.00193133 0.991086 0.00100462 0.900101 0.00461423 1224.63 47.8025 1.00014 0.00112286 0.663533 0.0259041 0.0260601 0.00510256 -1.02277 0.0977478 0.800796 0.0104619 0.0152323 0.00117573 0.974995 0.00497289 
43.5 0.896357 0.0045113 0.0492349 0.00220504 0.991155 0.00101819 0.889399 0.00593813 1099.54 45.8125 1.00409 0.00221749 0.652823 0.027738 0.0251218 0.00528504 -1.07008 0.0969739 0.802359 0.0100567 0.0184776 0.00141291 0.971649 0.00503491 
44.5 0.894938 0.00447782 0.050204 0.00224631 0.991437 0.000998473 0.877912 0.0065633 896.885 40.451 1.00449 0.00269603 0.682965 0.0230341 0.0307719 0.0053658 -0.94646 0.102755 0.802183 0.0101266 0.0194978 0.00151929 0.966363 0.00558985 
45.5 0.891151 0.00466042 0.0484134 0.00222612 0.99071 0.00106124 0.881409 0.00608054 876.361 39.7237 1.00064 0.00225677 0.5834 0.0414453 0.0142098 0.00461412 -1.28367 0.132128 0.809805 0.0098463 0.0207695 0.00156784 0.969862 0.00508601 
46.5 0.901214 0.00423095 0.0546659 0.00236306 0.991831 0.000908576 0.869014 0.00679157 783.217 38.2769 1.00116 0.00259275 0.65847 0.0262324 0.0248991 0.00495273 -1.03281 0.0973067 0.81036 0.00928682 0.0222937 0.00165052 0.96843 0.00504032 
47.5 0.888026 0.00482302 0.0544479 0.00260097 0.98862 0.00122581 0.852349 0.00838277 690.29 37.6041 1.0051 0.00427107 0.665015 0.0255329 0.0268514 0.0051913 -1.01686 0.0971285 0.819318 0.00870806 0.0253695 0.00180098 0.970354 0.00439207 
48.5 0.887696 0.00491048 0.0579155 0.00278583 0.988394 0.00126129 0.839116 0.00981374 583.487 35.3265 1.00734 0.00556475 0.666063 0.0257664 0.0278783 0.00543636 -1.02535 0.0963265 0.81693 0.00900004 0.0260817 0.00187141 0.971611 0.0044084 
49.5 0.901997 0.00415022 0.0680235 0.00288335 0.992819 0.000846539 0.839153 0.011634 560.207 36.8888 1.01219 0.0105962 0.648718 0.0280367 0.0235244 0.00500592 -1.07319 0.0981096 0.830229 0.00816056 0.0302987 0.00206471 0.971391 0.00391224 
50.5 0.898179 0.00442035 0.0672637 0.00305504 0.989255 0.00109177 0.833557 0.00911225 474.804 29.2469 0.999905 0.00320204 0.662969 0.0251295 0.0253027 0.00481345 -0.998046 0.0998822 0.833821 0.00789386 0.0323446 0.00213617 0.974944 0.00344875 
51.5 0.891846 0.00455074 0.0675073 0.00317111 0.988224 0.00116649 0.833959 0.0120566 448.176 31.4802 1.00677 0.0121295 0.659974 0.0265425 0.0252243 0.00506577 -1.04026 0.0970111 0.842928 0.00736901 0.0360854 0.00230906 0.974292 0.00329972 
52.5 0.901724 0.00424227 0.0714969 0.00315454 0.990192 0.000995427 0.797658 0.0143869 371.495 31.4056 1.00921 0.0133792 0.647 0.0286316 0.0238724 0.00519243 -1.08889 0.0979318 0.837087 0.00763161 0.0355588 0.00229255 0.976739 0.00321679 
53.5 0.899532 0.00435321 0.0723972 0.003281 0.988897 0.00110479 0.771741 0.0167419 281.526 27.26 1.01921 0.012119 0.697595 0.0211441 0.0346421 0.00555856 -0.877755 0.11664 0.833273 0.00795422 0.0343925 0.00232101 0.970744 0.00392521 
54.5 0.890244 0.00478487 0.0723098 0.00350304 0.986587 0.00134689 0.749907 0.0177356 234.469 25.5379 0.998619 0.0109524 0.586622 0.040609 0.01466 0.00465901 -1.27643 0.129146 0.854451 0.00670251 0.0446106 0.00268298 0.97756 0.00264522 
55.5 0.899314 0.00434336 0.0799636 0.00360416 0.989365 0.00108157 0.712683 0.0236673 166.841 23.9581 1.01325 0.023518 0.657579 0.0271731 0.0256065 0.00526568 -1.05619 0.0969133 0.835562 0.00780421 0.0376567 0.00252892 0.969768 0.00399264 
56.5 0.893624 0.00476737 0.0762952 0.00368512 0.986031 0.00136885 0.66446 0.0488091 120.757 36.8403 1.13857 0.127851 0.63571 0.0301458 0.0208441 0.00478258 -1.11204 0.10161 0.843723 0.00756031 0.0418525 0.00274904 0.97014 0.00375237 
57.5 0.89165 0.00481846 0.0824693 0.00403693 0.985363 0.00142929 0.491117 0.127116 36.0498 42.8138 1.45047 0.441418 0.622636 0.0326969 0.0195861 0.00490386 -1.16007 0.106139 0.837226 0.00779232 0.0436449 0.00291711 0.970253 0.00390103 
58.5 0.890893 0.00482127 0.084693 0.00415449 0.985338 0.00145066 0.589179 0.0546399 63.6593 24.5138 1.01126 0.121035 0.690221 0.0222936 0.0326615 0.00551102 -0.922251 0.10619 0.847779 0.00711605 0.0499355 0.00314264 0.974166 0.00321553 
59.5 0.899176 0.00447616 0.0949572 0.00443675 0.986773 0.00125353 0.509734 0.101902 35.5619 31.8612 1.24922 0.483958 0.654816 0.0275025 0.0251218 0.00522757 -1.06089 0.0976375 0.848028 0.00708848 0.0507633 0.00322496 0.972012 0.00339458 
60.5 0.891943 0.00489567 0.0892156 0.00440335 0.984775 0.00150699 -0.175619 5.4594 -0.409456 20.4366 3.18544 139.585 0.635736 0.030809 0.0216554 0.00508578 -1.13182 0.101322 0.840759 0.00772196 0.0482351 0.00323191 0.967966 0.00410871 
61.5 0.900932 0.00438195 0.100096 0.00460858 0.987342 0.00122302 -0.502433 0.155079 -25.4415 26.146 -1.11098 2.40811 0.638213 0.030072 0.0227277 0.00520667 -1.11698 0.100372 0.861709 0.00645782 0.0624574 0.00370897 0.9761 0.00276315 
62.5 0.888662 0.00513474 0.095618 0.00490919 0.982302 0.00177843 -0.551103 0.086803 -37.4114 22.4021 1.18876 0.20968 0.661921 0.0264121 0.0264132 0.00528548 -1.04234 0.0960576 0.845371 0.00742574 0.0571027 0.00375304 0.968377 0.00398751 
63.5 0.895065 0.00481214 0.0991657 0.00485645 0.984516 0.00152911 -0.711924 0.0488362 -96.5021 26.283 0.985555 0.103038 0.625985 0.0325238 0.0194221 0.00481901 -1.15415 0.105794 0.830898 0.00842058 0.0499174 0.00360235 0.958689 0.00564193 
64.5 0.894982 0.0048036 0.102869 0.00504662 0.984324 0.00153539 -0.657953 0.0532531 -60.3569 19.0528 1.09532 0.101307 0.616992 0.0345449 0.0200725 0.00533122 -1.19627 0.109795 0.85371 0.00707748 0.0621444 0.00394917 0.970282 0.00359744 
65.5 0.893172 0.00494535 0.105711 0.00531314 0.982794 0.00169269 -0.760411 0.052284 -104.775 29.1765 -0.533348 2.78352 0.700746 0.0208077 0.0351606 0.00555099 -0.860942 0.122334 0.847873 0.00745514 0.0625823 0.00417971 0.964283 0.00441888 
66.5 0.898592 0.00470718 0.111527 0.0054159 0.984148 0.00152185 -0.869389 0.0561671 -157.528 41.4688 -0.888012 1.63119 0.624327 0.03296 0.0209572 0.00529159 -1.17 0.105911 0.858802 0.00677379 0.0673808 0.00415992 0.972212 0.00328106 
67.5 0.894187 0.00495118 0.112933 0.0056799 0.982518 0.00171754 -0.86077 0.029289 -155.348 22.3341 0.894987 0.0523127 0.630366 0.0314927 0.0208557 0.00500788 -1.13826 0.10364 0.848288 0.00768384 0.0672006 0.00457304 0.961736 0.00491688 
68.5 0.889543 0.00528866 0.107426 0.00563971 0.980204 0.00201203 -0.907705 0.0420824 -148.337 29.6138 -0.740109 1.46762 0.656553 0.0275605 0.0276334 0.00577842 -1.07187 0.0957659 0.852707 0.00734299 0.0700127 0.00460716 0.965338 0.00431157 
69.5 0.891343 0.00514971 0.11631 0.00601733 0.980879 0.00189687 -0.986054 0.034496 -263.5 42.8288 -0.77064 0.140865 0.656141 0.0271493 0.0265252 0.00547107 -1.06209 0.0958527 0.855285 0.0072998 0.0745487 0.00489705 0.964661 0.00436438 
70.5 0.893441 0.00510962 0.118585 0.00609916 0.980897 0.00189798 -1.07151 0.0560382 -286.355 67.5842 -0.998103 0.0666741 0.624161 0.032536 0.0202696 0.00506401 -1.16613 0.104728 0.85139 0.00742105 0.074899 0.00497302 0.964352 0.00446113 
71.5 0.885733 0.00564376 0.112944 0.00621448 0.976853 0.00240481 -1.13121 0.070401 -346.76 95.7268 -1.06025 0.0626165 0.656303 0.0272165 0.0253208 0.00521156 -1.05369 0.0976533 0.844649 0.00806193 0.0749922 0.00530095 0.956571 0.00579955 
72.5 0.879729 0.00595691 0.112053 0.00640438 0.974559 0.00274111 -1.09054 0.04147 -328.2 59.6001 -0.911713 0.0836984 0.646798 0.0282121 0.022601 0.00484306 -1.07647 0.098424 0.846796 0.00793609 0.0762362 0.00534513 0.956914 0.00566789 
73.5 0.884292 0.00582046 0.116652 0.00652819 0.975783 0.00261734 -1.10156 0.0434073 -276.591 52.3345 -0.934513 0.0597475 0.663765 0.0255184 0.026261 0.00507371 -1.01383 0.098099 0.836435 0.00864939 0.0687682 0.00511972 0.950026 0.00713086 
74.5 0.878683 0.0061209 0.114639 0.0066776 0.97285 0.00296167 -1.11519 0.0438094 -230.32 42.7321 -0.914638 0.0894118 0.663569 0.0260352 0.0276682 0.0054569 -1.03252 0.0962515 0.835447 0.00876237 0.0719807 0.00543616 0.946976 0.00763705 
75.5 0.865806 0.00687825 0.103598 0.00656647 0.966088 0.00396992 -1.18807 0.0541435 -345.427 71.2955 -0.95615 0.207793 0.663198 0.0263384 0.0267157 0.00533131 -1.0422 0.0955465 0.820496 0.0101567 0.0659065 0.00556605 0.926588 0.0123355 
76.5 0.873342 0.00645763 0.114074 0.00692329 0.96941 0.00344439 -1.14044 0.0494707 -252.707 49.8921 -0.931626 0.19838 0.534627 0.056388 0.0103858 0.00482207 -1.45647 0.191557 0.831589 0.00929435 0.0748441 0.00591285 0.938724 0.00931485 
77.5 0.860835 0.00720167 0.101805 0.00668818 0.962358 0.00454267 -1.20197 0.0451085 -257.251 47.6343 -0.948681 0.0705692 0.640837 0.0297103 0.0229671 0.00519414 -1.11089 0.099476 0.811865 0.0107858 0.0644663 0.00570755 0.916332 0.0151142 
78.5 0.849747 0.00811181 0.0953381 0.00681829 0.952354 0.00636671 -1.24848 0.036366 -309.506 47.9968 -0.914359 0.0511929 0.60528 0.037103 0.017394 0.00498571 -1.23053 0.117341 0.786155 0.0131236 0.0541018 0.00562662 0.860977 0.0345714 
79.5 0.854298 0.00773449 0.0999286 0.00690781 0.956598 0.00556597 -1.24629 0.0330537 -266.342 37.8454 -0.884449 0.0616401 0.686674 0.0227457 0.0323785 0.00557044 -0.936808 0.104219 0.796227 0.0121632 0.0593774 0.00580311 0.886197 0.0245998 
80.5 0.850268 0.00817039 0.100036 0.0071902 0.95137 0.00655981 -1.23506 0.0272041 -241.778 29.8553 -0.843294 0.0362448 0.611945 0.0357165 0.0188757 0.00518945 -1.21108 0.113176 0.809314 0.0113951 0.0677599 0.00626631 0.902848 0.0190686 
81.5 0.847305 0.00859523 0.0993358 0.00738773 0.946438 0.00762554 -1.27581 0.030448 -248.642 33.0554 -0.877406 0.040022 0.641288 0.0298552 0.0227659 0.00516809 -1.11288 0.0996096 0.784961 0.0136244 0.0591834 0.00634847 0.842618 0.043021 
82.5 0.826021 0.0101167 0.0866458 0.00732681 0.923279 0.0128721 -1.38279 0.0588628 -341.805 75.3995 -1.03382 0.0501792 0.595525 0.0393699 0.0160717 0.00491661 -1.26094 0.124298 0.773255 0.0147931 0.0527664 0.00606348 0.796953 0.0702925 
83.5 0.806338 0.0114991 0.0704502 0.00659467 0.898093 0.0201909 -1.49123 0.0547306 -339.088 69.8109 -1.03254 0.0551102 0.587262 0.0408441 0.0155977 0.00498703 -1.28266 0.129474 0.746158 0.0177441 0.0429636 0.00579578 -0.602575 0.484503 
84.5 0.791307 0.0130355 0.066074 0.00686364 0.855638 0.0359735 -1.40645 0.0604555 -275.243 58.4193 -1.01032 0.106755 0.586891 0.0408491 0.0150222 0.0048031 -1.28149 0.129569 0.705036 0.0231166 0.0333245 0.00576349 -0.953839 0.100275 
85.5 0.789229 0.0132399 0.0667481 0.00702564 0.848728 0.0391218 -1.37863 0.0416055 -212.302 35.9604 -0.96914 0.0432138 0.618072 0.0342484 0.0195092 0.00512952 -1.18902 0.109373 0.684145 0.0264257 0.0295884 0.00583817 -1.04237 0.0950588 
86.5 0.749655 0.0173719 0.0498324 0.00662586 -0.571309 0.615402 -1.50817 0.0393962 -295.657 50.5374 -1.00296 0.022105 0.662151 0.0264162 0.0267324 0.00533858 -1.03775 0.0970399 0.597117 0.0444407 0.0151587 0.00519384 -1.32113 0.138723 
87.5 0.733471 0.0193622 0.0454949 0.00667399 -0.804481 0.144247 -1.54274 0.0519031 -335.74 68.7553 -1.04241 0.0264624 0.599685 0.0383224 0.017045 0.00507077 -1.25088 0.120878 0.621314 0.0390708 0.0191022 0.00565723 -1.25226 0.120892 
88.5 0.67347 0.02793 0.0286638 0.00599482 -1.07807 0.0954181 -1.63868 0.051576 -319.16 64.691 -1.04906 0.035753 0.657235 0.0268961 0.0262554 0.00536258 -1.05524 0.0959411 -0.311203 0.37558 -0.00102073 0.00484173 2.77131 3.31608 
89.5 0.514281 0.0738837 0.00879415 0.00546718 -1.60121 0.268879 -1.57832 0.0331666 -251.619 36.9849 -0.978003 0.017951 0.635973 0.030351 0.0216603 0.00501279 -1.12192 0.100883 -0.642149 0.0492527 -0.0159776 0.00408557 1.4212 0.0875598 
90.5 -0.27626 0.529963 -0.000688424 0.00515677 3.10685 6.01958 -1.6944 0.0423336 -265.672 49.7353 -1.04365 0.0174573 0.64357 0.0294345 0.0243742 0.00545676 -1.10666 0.0989873 -0.699039 0.0413567 -0.0215268 0.00395377 1.33566 0.0603389 
91.5 -0.602678 0.0567071 -0.0139036 0.00452535 1.49531 0.117263 -1.71212 0.0510925 -246.735 49.9597 -1.0539 0.0226729 0.659361 0.0269981 0.0258894 0.00528452 -1.05152 0.0970599 -0.831321 0.0296153 -0.0348895 0.00301542 1.17638 0.0292243 
92.5 -0.707678 0.0396222 -0.0239276 0.00408512 1.32035 0.0561054 -1.77489 0.0778027 -269.129 67.3507 -1.08956 0.0649575 0.669462 0.0249868 0.0274994 0.00520501 -1.00568 0.0970194 -0.881847 0.0277693 -0.0419282 0.00280681 1.13515 0.0245139 
93.5 -0.820925 0.0299656 -0.0359171 0.00322297 1.18623 0.0304403 -1.89619 0.0905164 -242.216 67.0177 -1.11774 0.0652054 0.630514 0.0312088 0.0205626 0.00489532 -1.13312 0.103137 -0.965323 0.024982 -0.0466156 0.00202534 1.06488 0.0192759 
94.5 -0.952751 0.0247833 -0.0497063 0.00218487 1.07179 0.0195923 -2.21852 0.302983 -364.807 200.374 -1.27365 0.176863 0.679528 0.023473 0.0290041 0.00514104 -0.953773 0.102916 -1.06917 0.0239109 -0.053066 0.00149382 0.993263 0.0171001 
95.5 -1.01308 0.0239056 -0.056803 0.00187391 1.02898 0.0177456 -1.87632 0.054267 -153.686 31.1334 -1.06148 0.0253342 0.683708 0.0225419 0.0298447 0.00509159 -0.92307 0.107716 -1.1262 0.0236994 -0.0569105 0.00144549 0.953009 0.017274 
96.5 -1.1335 0.0238127 -0.0636209 0.00151607 0.950024 0.0173108 -2.19626 0.206137 -195.888 86.9173 -1.22352 0.123355 0.657586 0.0261232 0.024508 0.00485948 -1.02998 0.0976374 -1.23642 0.0249405 -0.0608788 0.00160333 0.879929 0.0204143 
97.5 -1.17876 0.0237784 -0.0636008 0.00165249 0.914578 0.0183885 -2.08035 0.0750019 -106.997 28.2004 -1.12477 0.0278031 0.689913 0.0214541 0.0317238 0.00517591 -0.888678 0.11445 -1.29094 0.0255189 -0.0588503 0.00193392 0.828579 0.0252618 
98.5 -1.55279 0.0314811 -0.0458408 0.00284213 -0.755456 0.0371595 -2.44817 0.186505 -29.7578 12.2766 -1.21235 0.100759 0.714429 0.0181294 0.0356447 0.00492999 -0.513968 1.19887 -1.67555 0.0371269 -0.0369797 0.0026966 -0.839762 0.0237599 
99.5 -1.86835 0.0442148 -0.0282094 0.00289329 -0.94232 0.01718 -3.11118 0.247089 -59.2141 29.6423 -1.27101 0.0725171 0.690315 0.0209927 0.0277048 0.00437347 -0.814283 0.152683 -2.03666 0.0571307 -0.0204877 0.00241937 -0.980506 0.0166783 
