36 0.06 0.06 4690.28 -12 -12
-1.74 -0.3 1.58346e-06 0 0 0
-1.68 -0.36 3.27202e-06 0 0 0
-1.68 -0.3 4.05011e-06 0 0 0
-1.68 -0.24 4.81501e-06 0 0 0
-1.68 -0.18 5.49594e-06 0 0 0
-1.68 -0.12 6.0216e-06 0 0 0
-1.62 -0.42 6.27484e-06 0 0 0
-1.62 -0.36 8.11392e-06 0 0 0
-1.62 -0.3 1.00754e-05 0 0 0
-1.62 -0.24 1.20089e-05 0 0 0
-1.62 -0.18 1.37348e-05 0 0 0
-1.62 -0.12 1.50687e-05 0 0 0
-1.62 -0.06 1.58564e-05 0 0 0
-1.62 0 1.60009e-05 0 0 0
-1.56 -0.48 1.15745e-05 0 0 0
-1.56 -0.42 1.5639e-05 0 0 0
-1.56 -0.36 2.02899e-05 0 0 0
-1.56 -0.3 2.52636e-05 0 0 0
-1.56 -0.24 3.01757e-05 0 0 0
-1.56 -0.18 3.33519e-05 0 0 0
-1.56 -0.12 3.6639e-05 0 0 0
-1.56 -0.06 3.87725e-05 0 0 0
-1.56 0 3.91212e-05 0 0 0
-1.56 0.06 3.78318e-05 0 0 0
-1.56 0.12 3.50669e-05 0 0 0
-1.5 -0.54 1.90925e-05 0 0 0
-1.5 -0.48 2.69728e-05 0 0 0
-1.5 -0.42 3.65908e-05 0 0 0
-1.5 -0.36 4.72601e-05 0 0 0
-1.5 -0.3 5.89367e-05 0 0 0
-1.5 -0.24 7.04767e-05 0 0 0
-1.5 -0.18 8.13434e-05 0 0 0
-1.5 -0.12 8.93329e-05 0 0 0
-1.5 -0.06 9.40152e-05 0 0 0
-1.5 0 9.13043e-05 0 0 0
-1.5 0.06 8.82749e-05 0 0 0
-1.5 0.12 8.17842e-05 0 0 0
-1.5 0.18 7.26169e-05 0 0 0
-1.5 0.24 6.18032e-05 0 0 0
-1.44 -0.6 2.9066e-05 0 0 0
-1.44 -0.54 4.2627e-05 0 0 0
-1.44 -0.48 6.03591e-05 0 0 0
-1.44 -0.42 8.20198e-05 0 0 0
-1.44 -0.36 0.000106892 0 0 0
-1.44 -0.3 0.000134836 0 0 0
-1.44 -0.24 0.000161369 0 0 0
-1.44 -0.18 0.000185052 0 0 0
-1.44 -0.12 0.000203316 0 0 0
-1.44 -0.06 0.000214008 0 0 0
-1.44 0 0.000215801 0 0 0
-1.44 0.06 0.000208466 0 0 0
-1.44 0.12 0.000185315 0 0 0
-1.44 0.18 0.000164401 0 0 0
-1.44 0.24 0.000139743 0 0 0
-1.44 0.3 0.000113831 0 0 0
-1.38 -0.66 4.04839e-05 0 0 0
-1.38 -0.6 6.2392e-05 0 0 0
-1.38 -0.54 9.23398e-05 0 0 0
-1.38 -0.48 0.000131129 0 0 0
-1.38 -0.42 0.000178553 0 0 0
-1.38 -0.36 0.000235976 0 0 0
-1.38 -0.3 0.000294872 0 0 0
-1.38 -0.24 0.000352987 0 0 0
-1.38 -0.18 0.000404802 0 0 0
-1.38 -0.12 0.000444697 0 0 0
-1.38 -0.06 0.000468004 0 0 0
-1.38 0 0.000471851 0 0 0
-1.38 0.06 0.000455757 0 0 0
-1.38 0.12 0.000421727 0 0 0
-1.38 0.18 0.000357951 0 0 0
-1.38 0.24 0.00030413 0 0 0
-1.38 0.3 0.000247538 0 0 0
-1.38 0.36 0.00019303 0 0 0
-1.32 -0.66 8.40362e-05 0 0 0
-1.32 -0.6 0.000129956 0 0 0
-1.32 -0.54 0.000192797 0 0 0
-1.32 -0.48 0.000274183 0 0 0
-1.32 -0.42 0.000379804 0 0 0
-1.32 -0.36 0.000495216 0 0 0
-1.32 -0.3 0.000618424 0 0 0
-1.32 -0.24 0.000739713 0 0 0
-1.32 -0.18 0.000847547 0 0 0
-1.32 -0.12 0.000930424 0 0 0
-1.32 -0.06 0.000978691 0 0 0
-1.32 0 0.000986525 0 0 0
-1.32 0.06 0.000952938 0 0 0
-1.32 0.12 0.000882023 0 0 0
-1.32 0.18 0.000782217 0 0 0
-1.32 0.24 0.000664551 0 0 0
-1.32 0.3 0.000516443 0 0 0
-1.32 0.36 0.00040273 0 0 0
-1.32 0.42 0.000300793 0 0 0
-1.26 -0.72 0.000104909 0 0 0
-1.26 -0.66 0.000169568 0 0 0
-1.26 -0.6 0.000262892 0 0 0
-1.26 -0.54 0.000399581 0 0 0
-1.26 -0.48 0.000567836 0 0 0
-1.26 -0.42 0.000772598 0 0 0
-1.26 -0.36 0.0010065 0 0 0
-1.26 -0.3 0.00125568 0 0 0
-1.26 -0.24 0.0014795 0 0 0
-1.26 -0.18 0.0016926 0 0 0
-1.26 -0.12 0.00185588 0 0 0
-1.26 -0.06 0.00195067 0 0 0
-1.26 0 0.00196567 0 0 0
-1.26 0.06 0.00189911 0 0 0
-1.26 0.12 0.00175892 0 0 0
-1.26 0.18 0.00156147 0 0 0
-1.26 0.24 0.00132829 0 0 0
-1.26 0.3 0.00108244 0 0 0
-1.26 0.36 0.000804044 0 0 0
-1.26 0.42 0.000601106 0 0 0
-1.26 0.48 0.00043024 0 0 0
-1.2 -0.78 0.000119599 0 0 0
-1.2 -0.72 0.000201891 0 0 0
-1.2 -0.66 0.000326832 0 0 0
-1.2 -0.6 0.00052216 0 0 0
-1.2 -0.54 0.000773784 0 0 0
-1.2 -0.48 0.00109732 0 0 0
-1.2 -0.42 0.00148929 0 0 0
-1.2 -0.36 0.00193512 0 0 0
-1.2 -0.3 0.00240828 0 0 0
-1.2 -0.24 0.00287201 0 0 0
-1.2 -0.18 0.0032835 0 0 0
-1.2 -0.12 0.00360005 0 0 0
-1.2 -0.06 0.00378629 0 0 0
-1.2 0 0.00372794 0 0 0
-1.2 0.06 0.00360251 0 0 0
-1.2 0.12 0.00333921 0 0 0
-1.2 0.18 0.00296821 0 0 0
-1.2 0.24 0.00252945 0 0 0
-1.2 0.3 0.00206564 0 0 0
-1.2 0.36 0.00161577 0 0 0
-1.2 0.42 0.00114768 0 0 0
-1.2 0.48 0.000822975 0 0 0
-1.2 0.54 0.000564715 0 0 0
-1.14 -0.78 0.000220854 0 0 0
-1.14 -0.72 0.000373285 0 0 0
-1.14 -0.66 0.000628095 0 0 0
-1.14 -0.6 0.000970388 0 0 0
-1.14 -0.54 0.00143385 0 0 0
-1.14 -0.48 0.00202663 0 0 0
-1.14 -0.42 0.00274122 0 0 0
-1.14 -0.36 0.00355046 0 0 0
-1.14 -0.3 0.00440622 0 0 0
-1.14 -0.24 0.00524263 0 0 0
-1.14 -0.18 0.00598342 0 0 0
-1.14 -0.12 0.00655289 0 0 0
-1.14 -0.06 0.00688836 0 0 0
-1.14 0 0.00695132 0 0 0
-1.14 0.06 0.00673454 0 0 0
-1.14 0.12 0.00603652 0 0 0
-1.14 0.18 0.00537309 0 0 0
-1.14 0.24 0.00458745 0 0 0
-1.14 0.3 0.00375519 0 0 0
-1.14 0.36 0.00294555 0 0 0
-1.14 0.42 0.00221261 0 0 0
-1.14 0.48 0.00150292 0 0 0
-1.14 0.54 0.00103395 0 0 0
-1.14 0.6 0.000680271 0 0 0
-1.08 -0.78 0.000391738 0 0 0
-1.08 -0.72 0.000661758 0 0 0
-1.08 -0.66 0.00112131 0 0 0
-1.08 -0.6 0.00172632 0 0 0
-1.08 -0.54 0.00254075 0 0 0
-1.08 -0.48 0.00357685 0 0 0
-1.08 -0.42 0.00482004 0 0 0
-1.08 -0.36 0.00622242 0 0 0
-1.08 -0.3 0.00770095 0 0 0
-1.08 -0.24 0.00914301 0 0 0
-1.08 -0.18 0.0104183 0 0 0
-1.08 -0.12 0.0113987 0 0 0
-1.08 -0.06 0.0119775 0 0 0
-1.08 0 0.0120896 0 0 0
-1.08 0.06 0.011722 0 0 0
-1.08 0.12 0.0109167 0 0 0
-1.08 0.18 0.00976349 0 0 0
-1.08 0.24 0.00793197 0 0 0
-1.08 0.3 0.00650794 0 0 0
-1.08 0.36 0.00511919 0 0 0
-1.08 0.42 0.00385781 0 0 0
-1.08 0.48 0.00278316 0 0 0
-1.08 0.54 0.00180729 0 0 0
-1.08 0.6 0.00119275 0 0 0
-1.02 -0.84 0.00037782 0 0 0
-1.02 -0.78 0.000666382 0 0 0
-1.02 -0.72 0.00119543 0 0 0
-1.02 -0.66 0.00191806 0 0 0
-1.02 -0.6 0.00294007 0 0 0
-1.02 -0.54 0.00430817 0 0 0
-1.02 -0.48 0.00603998 0 0 0
-1.02 -0.42 0.00810977 0 0 0
-1.02 -0.36 0.0104372 0 0 0
-1.02 -0.3 0.0128848 0 0 0
-1.02 -0.24 0.0152673 0 0 0
-1.02 -0.18 0.0173727 0 0 0
-1.02 -0.12 0.0189912 0 0 0
-1.02 -0.06 0.0199506 0 0 0
-1.02 0 0.0201437 0 0 0
-1.02 0.06 0.0195485 0 0 0
-1.02 0.12 0.0182333 0 0 0
-1.02 0.18 0.0163413 0 0 0
-1.02 0.24 0.0140684 0 0 0
-1.02 0.3 0.011629 0 0 0
-1.02 0.36 0.00849212 0 0 0
-1.02 0.42 0.00641943 0 0 0
-1.02 0.48 0.00464757 0 0 0
-1.02 0.54 0.00321957 0 0 0
-1.02 0.6 0.00199735 0 0 0
-1.02 0.66 0.00126408 0 0 0
-0.96 -0.84 0.000617003 0 0 0
-0.96 -0.78 0.00117729 0 0 0
-0.96 -0.72 0.00196948 0 0 0
-0.96 -0.66 0.00314549 0 0 0
-0.96 -0.6 0.0047991 0 0 0
-0.96 -0.54 0.00700156 0 0 0
-0.96 -0.48 0.0097783 0 0 0
-0.96 -0.42 0.0130855 0 0 0
-0.96 -0.36 0.0167932 0 0 0
-0.96 -0.3 0.0206832 0 0 0
-0.96 -0.24 0.0244651 0 0 0
-0.96 -0.18 0.0278067 0 0 0
-0.96 -0.12 0.0303812 0 0 0
-0.96 -0.06 0.0319162 0 0 0
-0.96 0 0.0322411 0 0 0
-0.96 0.06 0.031319 0 0 0
-0.96 0.12 0.0292542 0 0 0
-0.96 0.18 0.0262729 0 0 0
-0.96 0.24 0.0226796 0 0 0
-0.96 0.3 0.0188097 0 0 0
-0.96 0.36 0.0149791 0 0 0
-0.96 0.42 0.0102096 0 0 0
-0.96 0.48 0.00741549 0 0 0
-0.96 0.54 0.00515594 0 0 0
-0.96 0.6 0.00342812 0 0 0
-0.96 0.66 0.00202976 0 0 0
-0.96 0.72 0.00123108 0 0 0
-0.9 -0.9 0.000525332 0 0 0
-0.9 -0.84 0.000966352 0 0 0
-0.9 -0.78 0.00187139 0 0 0
-0.9 -0.72 0.00311603 0 0 0
-0.9 -0.66 0.00495278 0 0 0
-0.9 -0.6 0.00752241 0 0 0
-0.9 -0.54 0.0109303 0 0 0
-0.9 -0.48 0.0152113 0 0 0
-0.9 -0.42 0.0202932 0 0 0
-0.9 -0.36 0.0259774 0 0 0
-0.9 -0.3 0.0319388 0 0 0
-0.9 -0.24 0.037745 0 0 0
-0.9 -0.18 0.0428933 0 0 0
-0.9 -0.12 0.0468795 0 0 0
-0.9 -0.06 0.0492765 0 0 0
-0.9 0 0.0498145 0 0 0
-0.9 0.06 0.0484326 0 0 0
-0.9 0.12 0.0452883 0 0 0
-0.9 0.18 0.0407317 0 0 0
-0.9 0.24 0.0352333 0 0 0
-0.9 0.3 0.0293057 0 0 0
-0.9 0.36 0.0234261 0 0 0
-0.9 0.42 0.017981 0 0 0
-0.9 0.48 0.01324 0 0 0
-0.9 0.54 0.0078985 0 0 0
-0.9 0.6 0.00527116 0 0 0
-0.9 0.66 0.00311594 0 0 0
-0.9 0.72 0.00189702 0 0 0
-0.84 -0.9 0.000790978 0 0 0
-0.84 -0.84 0.00164736 0 0 0
-0.84 -0.78 0.0028619 0 0 0
-0.84 -0.72 0.0047423 0 0 0
-0.84 -0.66 0.00750297 0 0 0
-0.84 -0.6 0.0113485 0 0 0
-0.84 -0.54 0.016429 0 0 0
-0.84 -0.48 0.0227893 0 0 0
-0.84 -0.42 0.0303257 0 0 0
-0.84 -0.36 0.038766 0 0 0
-0.84 -0.3 0.0476517 0 0 0
-0.84 -0.24 0.0563473 0 0 0
-0.84 -0.18 0.0640955 0 0 0
-0.84 -0.12 0.0701299 0 0 0
-0.84 -0.06 0.0737959 0 0 0
-0.84 0 0.0746763 0 0 0
-0.84 0.06 0.0726695 0 0 0
-0.84 0.12 0.0680081 0 0 0
-0.84 0.18 0.0612176 0 0 0
-0.84 0.24 0.053011 0 0 0
-0.84 0.3 0.0441653 0 0 0
-0.84 0.36 0.0353981 0 0 0
-0.84 0.42 0.0272772 0 0 0
-0.84 0.48 0.0201856 0 0 0
-0.84 0.54 0.0143259 0 0 0
-0.84 0.6 0.00776114 0 0 0
-0.84 0.66 0.0049673 0 0 0
-0.84 0.72 0.00279713 0 0 0
-0.84 0.78 0.00163022 0 0 0
-0.78 -0.9 0.00114371 0 0 0
-0.78 -0.84 0.00243949 0 0 0
-0.78 -0.78 0.00421807 0 0 0
-0.78 -0.72 0.00695725 0 0 0
-0.78 -0.66 0.0109611 0 0 0
-0.78 -0.6 0.0165165 0 0 0
-0.78 -0.54 0.0238308 0 0 0
-0.78 -0.48 0.0329742 0 0 0
-0.78 -0.42 0.043836 0 0 0
-0.78 -0.36 0.0560605 0 0 0
-0.78 -0.3 0.0689957 0 0 0
-0.78 -0.24 0.0817136 0 0 0
-0.78 -0.18 0.0931026 0 0 0
-0.78 -0.12 0.102028 0 0 0
-0.78 -0.06 0.107515 0 0 0
-0.78 0 0.108934 0 0 0
-0.78 0.06 0.106115 0 0 0
-0.78 0.12 0.099393 0 0 0
-0.78 0.18 0.0895331 0 0 0
-0.78 0.24 0.0775827 0 0 0
-0.78 0.3 0.0646898 0 0 0
-0.78 0.36 0.0519144 0 0 0
-0.78 0.42 0.0400975 0 0 0
-0.78 0.48 0.0297894 0 0 0
-0.78 0.54 0.0212545 0 0 0
-0.78 0.6 0.0145384 0 0 0
-0.78 0.66 0.00703557 0 0 0
-0.78 0.72 0.00394982 0 0 0
-0.78 0.78 0.00231003 0 0 0
-0.72 -0.9 0.00193146 0 0 0
-0.72 -0.84 0.00348829 0 0 0
-0.72 -0.78 0.00600428 0 0 0
-0.72 -0.72 0.00986186 0 0 0
-0.72 -0.66 0.0154786 0 0 0
-0.72 -0.6 0.0232442 0 0 0
-0.72 -0.54 0.0334539 0 0 0
-0.72 -0.48 0.0462541 0 0 0
-0.72 -0.42 0.0615409 0 0 0
-0.72 -0.36 0.0788348 0 0 0
-0.72 -0.3 0.0972199 0 0 0
-0.72 -0.24 0.115379 0 0 0
-0.72 -0.18 0.13173 0 0 0
-0.72 -0.12 0.144629 0 0 0
-0.72 -0.06 0.152663 0 0 0
-0.72 0 0.154911 0 0 0
-0.72 0.06 0.151093 0 0 0
-0.72 0.12 0.141675 0 0 0
-0.72 0.18 0.127736 0 0 0
-0.72 0.24 0.11078 0 0 0
-0.72 0.3 0.0924554 0 0 0
-0.72 0.36 0.0742922 0 0 0
-0.72 0.42 0.0575079 0 0 0
-0.72 0.48 0.0428965 0 0 0
-0.72 0.54 0.0308279 0 0 0
-0.72 0.6 0.0210376 0 0 0
-0.72 0.66 0.0138638 0 0 0
-0.72 0.72 0.0058817 0 0 0
-0.72 0.78 0.00313725 0 0 0
-0.66 -0.9 0.00268395 0 0 0
-0.66 -0.84 0.00482653 0 0 0
-0.66 -0.78 0.00827344 0 0 0
-0.66 -0.72 0.0135383 0 0 0
-0.66 -0.66 0.0211772 0 0 0
-0.66 -0.6 0.0317173 0 0 0
-0.66 -0.54 0.0456094 0 0 0
-0.66 -0.48 0.0631212 0 0 0
-0.66 -0.42 0.0841444 0 0 0
-0.66 -0.36 0.108039 0 0 0
-0.66 -0.3 0.133559 0 0 0
-0.66 -0.24 0.158888 0 0 0
-0.66 -0.18 0.181812 0 0 0
-0.66 -0.12 0.200029 0 0 0
-0.66 -0.06 0.211536 0 0 0
-0.66 0 0.214995 0 0 0
-0.66 0.06 0.209997 0 0 0
-0.66 0.12 0.197141 0 0 0
-0.66 0.18 0.177923 0 0 0
-0.66 0.24 0.15443 0 0 0
-0.66 0.3 0.128979 0 0 0
-0.66 0.36 0.103723 0 0 0
-0.66 0.42 0.0803801 0 0 0
-0.66 0.48 0.0600772 0 0 0
-0.66 0.54 0.0433409 0 0 0
-0.66 0.6 0.0301897 0 0 0
-0.66 0.66 0.0203002 0 0 0
-0.66 0.72 0.00876241 0 0 0
-0.66 0.78 0.00523276 0 0 0
-0.66 0.84 0.00229117 0 0 0
-0.6 -0.96 0.00108217 0 0 0
-0.6 -0.9 0.00361525 0 0 0
-0.6 -0.84 0.0064758 0 0 0
-0.6 -0.78 0.0110604 0 0 0
-0.6 -0.72 0.0180399 0 0 0
-0.6 -0.66 0.0281394 0 0 0
-0.6 -0.6 0.0420924 0 0 0
-0.6 -0.54 0.0605772 0 0 0
-0.6 -0.48 0.0840035 0 0 0
-0.6 -0.42 0.112261 0 0 0
-0.6 -0.36 0.144525 0 0 0
-0.6 -0.3 0.179137 0 0 0
-0.6 -0.24 0.213644 0 0 0
-0.6 -0.18 0.245034 0 0 0
-0.6 -0.12 0.270166 0 0 0
-0.6 -0.06 0.286263 0 0 0
-0.6 0 0.291452 0 0 0
-0.6 0.06 0.285122 0 0 0
-0.6 0.12 0.268029 0 0 0
-0.6 0.18 0.24218 0 0 0
-0.6 0.24 0.210412 0 0 0
-0.6 0.3 0.175884 0 0 0
-0.6 0.36 0.141571 0 0 0
-0.6 0.42 0.109839 0 0 0
-0.6 0.48 0.0822523 0 0 0
-0.6 0.54 0.0595417 0 0 0
-0.6 0.6 0.0417379 0 0 0
-0.6 0.66 0.0283765 0 0 0
-0.6 0.72 0.0187429 0 0 0
-0.6 0.78 0.00803621 0 0 0
-0.6 0.84 0.00514866 0 0 0
-0.6 0.9 0.00293748 0 0 0
-0.54 -0.96 0.00252313 0 0 0
-0.54 -0.9 0.00472951 0 0 0
-0.54 -0.84 0.00844286 0 0 0
-0.54 -0.78 0.0143757 0 0 0
-0.54 -0.72 0.0233819 0 0 0
-0.54 -0.66 0.0364071 0 0 0
-0.54 -0.6 0.054479 0 0 0
-0.54 -0.54 0.0785503 0 0 0
-0.54 -0.48 0.109204 0 0 0
-0.54 -0.42 0.146345 0 0 0
-0.54 -0.36 0.188933 0 0 0
-0.54 -0.3 0.234806 0 0 0
-0.54 -0.24 0.280739 0 0 0
-0.54 -0.18 0.322736 0 0 0
-0.54 -0.12 0.356594 0 0 0
-0.54 -0.06 0.378576 0 0 0
-0.54 0 0.386122 0 0 0
-0.54 0.06 0.378336 0 0 0
-0.54 0.12 0.356163 0 0 0
-0.54 0.18 0.322223 0 0 0
-0.54 0.24 0.280271 0 0 0
-0.54 0.3 0.234528 0 0 0
-0.54 0.36 0.188986 0 0 0
-0.54 0.42 0.146839 0 0 0
-0.54 0.48 0.110209 0 0 0
-0.54 0.54 0.080087 0 0 0
-0.54 0.6 0.0565131 0 0 0
-0.54 0.66 0.0388605 0 0 0
-0.54 0.72 0.0261349 0 0 0
-0.54 0.78 0.0172585 0 0 0
-0.54 0.84 0.00791817 0 0 0
-0.54 0.9 0.00506597 0 0 0
-0.54 0.96 0.00365423 0 0 0
-0.54 1.02 0.00252196 0 0 0
-0.48 -0.96 0.00322144 0 0 0
-0.48 -0.9 0.00601998 0 0 0
-0.48 -0.84 0.0107161 0 0 0
-0.48 -0.78 0.0181996 0 0 0
-0.48 -0.72 0.0295378 0 0 0
-0.48 -0.66 0.0459735 0 0 0
-0.48 -0.6 0.0688973 0 0 0
-0.48 -0.54 0.099582 0 0 0
-0.48 -0.48 0.138832 0 0 0
-0.48 -0.42 0.186586 0 0 0
-0.48 -0.36 0.241554 0 0 0
-0.48 -0.3 0.300984 0 0 0
-0.48 -0.24 0.360731 0 0 0
-0.48 -0.18 0.415611 0 0 0
-0.48 -0.12 0.460139 0 0 0
-0.48 -0.06 0.489414 0 0 0
-0.48 0 0.500015 0 0 0
-0.48 0.06 0.490684 0 0 0
-0.48 0.12 0.462572 0 0 0
-0.48 0.18 0.419025 0 0 0
-0.48 0.24 0.364915 0 0 0
-0.48 0.3 0.305741 0 0 0
-0.48 0.36 0.246727 0 0 0
-0.48 0.42 0.192077 0 0 0
-0.48 0.48 0.144592 0 0 0
-0.48 0.54 0.105585 0 0 0
-0.48 0.6 0.0751006 0 0 0
-0.48 0.66 0.0522975 0 0 0
-0.48 0.72 0.0358512 0 0 0
-0.48 0.78 0.024305 0 0 0
-0.48 0.84 0.0124052 0 0 0
-0.48 0.9 0.00883302 0 0 0
-0.48 0.96 0.00604615 0 0 0
-0.48 1.02 0.00418704 0 0 0
-0.48 1.08 0.00277271 0 0 0
-0.48 1.14 0.00175408 0 0 0
-0.42 -1.02 0.00144616 0 0 0
-0.42 -0.96 0.00400555 0 0 0
-0.42 -0.9 0.00746665 0 0 0
-0.42 -0.84 0.0132611 0 0 0
-0.42 -0.78 0.0224756 0 0 0
-0.42 -0.72 0.0364335 0 0 0
-0.42 -0.66 0.0567521 0 0 0
-0.42 -0.6 0.085234 0 0 0
-0.42 -0.54 0.123531 0 0 0
-0.42 -0.48 0.172715 0 0 0
-0.42 -0.42 0.232777 0 0 0
-0.42 -0.36 0.30215 0 0 0
-0.42 -0.3 0.377406 0 0 0
-0.42 -0.24 0.453318 0 0 0
-0.42 -0.18 0.523347 0 0 0
-0.42 -0.12 0.580487 0 0 0
-0.42 -0.06 0.618452 0 0 0
-0.42 0 0.632809 0 0 0
-0.42 0.06 0.621859 0 0 0
-0.42 0.12 0.586992 0 0 0
-0.42 0.18 0.532384 0 0 0
-0.42 0.24 0.46422 0 0 0
-0.42 0.3 0.3895 0 0 0
-0.42 0.36 0.314897 0 0 0
-0.42 0.42 0.245804 0 0 0
-0.42 0.48 0.185795 0 0 0
-0.42 0.54 0.136549 0 0 0
-0.42 0.6 0.0980992 0 0 0
-0.42 0.66 0.0693267 0 0 0
-0.42 0.72 0.0485016 0 0 0
-0.42 0.78 0.0337469 0 0 0
-0.42 0.84 0.0233681 0 0 0
-0.42 0.9 0.013618 0 0 0
-0.42 0.96 0.00958215 0 0 0
-0.42 1.02 0.00665644 0 0 0
-0.42 1.08 0.00442333 0 0 0
-0.42 1.14 0.00280858 0 0 0
-0.42 1.2 0.00170234 0 0 0
-0.36 -1.02 0.00185715 0 0 0
-0.36 -0.96 0.00360197 0 0 0
-0.36 -0.9 0.00903417 0 0 0
-0.36 -0.84 0.0160175 0 0 0
-0.36 -0.78 0.0271055 0 0 0
-0.36 -0.72 0.0439313 0 0 0
-0.36 -0.66 0.0685423 0 0 0
-0.36 -0.6 0.103197 0 0 0
-0.36 -0.54 0.14998 0 0 0
-0.36 -0.48 0.210284 0 0 0
-0.36 -0.42 0.284158 0 0 0
-0.36 -0.36 0.369727 0 0 0
-0.36 -0.3 0.462819 0 0 0
-0.36 -0.24 0.557013 0 0 0
-0.36 -0.18 0.644189 0 0 0
-0.36 -0.12 0.715655 0 0 0
-0.36 -0.06 0.763547 0 0 0
-0.36 0 0.782275 0 0 0
-0.36 0.06 0.769655 0 0 0
-0.36 0.12 0.727308 0 0 0
-0.36 0.18 0.660408 0 0 0
-0.36 0.24 0.576601 0 0 0
-0.36 0.3 0.484599 0 0 0
-0.36 0.36 0.392723 0 0 0
-0.36 0.42 0.307663 0 0 0
-0.36 0.48 0.233858 0 0 0
-0.36 0.54 0.173347 0 0 0
-0.36 0.6 0.126104 0 0 0
-0.36 0.66 0.0906618 0 0 0
-0.36 0.72 0.0648123 0 0 0
-0.36 0.78 0.0462171 0 0 0
-0.36 0.84 0.0328299 0 0 0
-0.36 0.9 0.0203778 0 0 0
-0.36 0.96 0.0145724 0 0 0
-0.36 1.02 0.01015 0 0 0
-0.36 1.08 0.00676571 0 0 0
-0.36 1.14 0.00431069 0 0 0
-0.36 1.2 0.00262205 0 0 0
-0.36 1.26 0.00152121 0 0 0
-0.36 1.32 0.000841605 0 0 0
-0.3 -1.02 0.00230833 0 0 0
-0.3 -0.96 0.00447565 0 0 0
-0.3 -0.9 0.0106695 0 0 0
-0.3 -0.84 0.0188931 0 0 0
-0.3 -0.78 0.0319435 0 0 0
-0.3 -0.72 0.051809 0 0 0
-0.3 -0.66 0.0809983 0 0 0
-0.3 -0.6 0.122264 0 0 0
-0.3 -0.54 0.178169 0 0 0
-0.3 -0.48 0.25045 0 0 0
-0.3 -0.42 0.339235 0 0 0
-0.3 -0.36 0.442324 0 0 0
-0.3 -0.3 0.554734 0 0 0
-0.3 -0.24 0.668738 0 0 0
-0.3 -0.18 0.774531 0 0 0
-0.3 -0.12 0.861562 0 0 0
-0.3 -0.06 0.920259 0 0 0
-0.3 0 0.943784 0 0 0
-0.3 0.06 0.929434 0 0 0
-0.3 0.12 0.879153 0 0 0
-0.3 0.18 0.799162 0 0 0
-0.3 0.24 0.69874 0 0 0
-0.3 0.3 0.588452 0 0 0
-0.3 0.36 0.478374 0 0 0
-0.3 0.42 0.376603 0 0 0
-0.3 0.48 0.288419 0 0 0
-0.3 0.54 0.216171 0 0 0
-0.3 0.6 0.159682 0 0 0
-0.3 0.66 0.117059 0 0 0
-0.3 0.72 0.0855618 0 0 0
-0.3 0.78 0.0624056 0 0 0
-0.3 0.84 0.0452586 0 0 0
-0.3 0.9 0.0323356 0 0 0
-0.3 0.96 0.0213003 0 0 0
-0.3 1.02 0.0148703 0 0 0
-0.3 1.08 0.00993783 0 0 0
-0.3 1.14 0.00635082 0 0 0
-0.3 1.2 0.00387572 0 0 0
-0.3 1.26 0.00225588 0 0 0
-0.3 1.32 0.00125139 0 0 0
-0.3 1.38 0.000661759 0 0 0
-0.24 -1.02 0.00277876 0 0 0
-0.24 -0.96 0.0053883 0 0 0
-0.24 -0.9 0.0123006 0 0 0
-0.24 -0.84 0.0217631 0 0 0
-0.24 -0.78 0.0367875 0 0 0
-0.24 -0.72 0.0597415 0 0 0
-0.24 -0.66 0.0936017 0 0 0
-0.24 -0.6 0.141637 0 0 0
-0.24 -0.54 0.206911 0 0 0
-0.24 -0.48 0.291517 0 0 0
-0.24 -0.42 0.395658 0 0 0
-0.24 -0.36 0.516818 0 0 0
-0.24 -0.3 0.649165 0 0 0
-0.24 -0.24 0.783602 0 0 0
-0.24 -0.18 0.908609 0 0 0
-0.24 -0.12 1.01168 0 0 0
-0.24 -0.06 1.08151 0 0 0
-0.24 0 1.11002 0 0 0
-0.24 0.06 1.09396 0 0 0
-0.24 0.12 1.03566 0 0 0
-0.24 0.18 0.942494 0 0 0
-0.24 0.24 0.825432 0 0 0
-0.24 0.3 0.696985 0 0 0
-0.24 0.36 0.568984 0 0 0
-0.24 0.42 0.450875 0 0 0
-0.24 0.48 0.348711 0 0 0
-0.24 0.54 0.265008 0 0 0
-0.24 0.6 0.199322 0 0 0
-0.24 0.66 0.149228 0 0 0
-0.24 0.72 0.111482 0 0 0
-0.24 0.78 0.0829506 0 0 0
-0.24 0.84 0.0611476 0 0 0
-0.24 0.9 0.04428 0 0 0
-0.24 0.96 0.0299776 0 0 0
-0.24 1.02 0.0209631 0 0 0
-0.24 1.08 0.014041 0 0 0
-0.24 1.14 0.00899512 0 0 0
-0.24 1.2 0.00550494 0 0 0
-0.24 1.26 0.00321385 0 0 0
-0.24 1.32 0.00178773 0 0 0
-0.24 1.38 0.000947241 0 0 0
-0.24 1.44 0.000478552 0 0 0
-0.18 -1.02 0.00324062 0 0 0
-0.18 -0.96 0.00628682 0 0 0
-0.18 -0.9 0.0138372 0 0 0
-0.18 -0.84 0.0244715 0 0 0
-0.18 -0.78 0.0413769 0 0 0
-0.18 -0.72 0.0672978 0 0 0
-0.18 -0.66 0.105663 0 0 0
-0.18 -0.6 0.160247 0 0 0
-0.18 -0.54 0.234598 0 0 0
-0.18 -0.48 0.33116 0 0 0
-0.18 -0.42 0.450217 0 0 0
-0.18 -0.36 0.588925 0 0 0
-0.18 -0.3 0.740621 0 0 0
-0.18 -0.24 0.894904 0 0 0
-0.18 -0.18 1.0385 0 0 0
-0.18 -0.12 1.15711 0 0 0
-0.18 -0.06 1.2377 0 0 0
-0.18 0 1.27103 0 0 0
-0.18 0.06 1.25344 0 0 0
-0.18 0.12 1.18765 0 0 0
-0.18 0.18 1.08224 0 0 0
-0.18 0.24 0.949864 0 0 0
-0.18 0.3 0.804873 0 0 0
-0.18 0.36 0.660755 0 0 0
-0.18 0.42 0.528129 0 0 0
-0.18 0.48 0.413594 0 0 0
-0.18 0.54 0.319618 0 0 0
-0.18 0.6 0.245304 0 0 0
-0.18 0.66 0.187681 0 0 0
-0.18 0.72 0.143104 0 0 0
-0.18 0.78 0.108291 0 0 0
-0.18 0.84 0.0808248 0 0 0
-0.18 0.9 0.0590582 0 0 0
-0.18 0.96 0.0420377 0 0 0
-0.18 1.02 0.0284824 0 0 0
-0.18 1.08 0.0191087 0 0 0
-0.18 1.14 0.0122667 0 0 0
-0.18 1.2 0.00752441 0 0 0
-0.18 1.26 0.00440409 0 0 0
-0.18 1.32 0.00245615 0 0 0
-0.18 1.38 0.0013041 0 0 0
-0.18 1.44 0.000659484 0 0 0
-0.18 1.5 0.000318325 0 0 0
-0.12 -1.02 0.0036609 0 0 0
-0.12 -0.96 0.00710787 0 0 0
-0.12 -0.9 0.0151751 0 0 0
-0.12 -0.84 0.0268358 0 0 0
-0.12 -0.78 0.045404 0 0 0
-0.12 -0.72 0.0739614 0 0 0
-0.12 -0.66 0.116344 0 0 0
-0.12 -0.6 0.176781 0 0 0
-0.12 -0.54 0.259259 0 0 0
-0.12 -0.48 0.366538 0 0 0
-0.12 -0.42 0.498971 0 0 0
-0.12 -0.36 0.653402 0 0 0
-0.12 -0.3 0.822432 0 0 0
-0.12 -0.24 0.994457 0 0 0
-0.12 -0.18 1.15466 0 0 0
-0.12 -0.12 1.28709 0 0 0
-0.12 -0.06 1.3773 0 0 0
-0.12 0 1.41501 0 0 0
-0.12 0.06 1.3963 0 0 0
-0.12 0.12 1.32435 0 0 0
-0.12 0.18 1.20888 0 0 0
-0.12 0.24 1.06411 0 0 0
-0.12 0.3 0.905979 0 0 0
-0.12 0.36 0.749346 0 0 0
-0.12 0.42 0.605623 0 0 0
-0.12 0.48 0.481604 0 0 0
-0.12 0.54 0.379404 0 0 0
-0.12 0.6 0.297526 0 0 0
-0.12 0.66 0.232511 0 0 0
-0.12 0.72 0.180539 0 0 0
-0.12 0.78 0.138503 0 0 0
-0.12 0.84 0.104318 0 0 0
-0.12 0.9 0.0767066 0 0 0
-0.12 0.96 0.0547574 0 0 0
-0.12 1.02 0.0373664 0 0 0
-0.12 1.08 0.025083 0 0 0
-0.12 1.14 0.0161271 0 0 0
-0.12 1.2 0.00991019 0 0 0
-0.12 1.26 0.00581228 0 0 0
-0.12 1.32 0.0032486 0 0 0
-0.12 1.38 0.0017282 0 0 0
-0.12 1.44 0.000874976 0 0 0
-0.12 1.5 0.000422258 0 0 0
-0.06 -1.02 0.00400449 0 0 0
-0.06 -0.96 0.00778342 0 0 0
-0.06 -0.9 0.0162048 0 0 0
-0.06 -0.84 0.0286643 0 0 0
-0.06 -0.78 0.0485381 0 0 0
-0.06 -0.72 0.0791757 0 0 0
-0.06 -0.66 0.124739 0 0 0
-0.06 -0.6 0.189823 0 0 0
-0.06 -0.54 0.278764 0 0 0
-0.06 -0.48 0.394571 0 0 0
-0.06 -0.42 0.537638 0 0 0
-0.06 -0.36 0.704576 0 0 0
-0.06 -0.3 0.887369 0 0 0
-0.06 -0.24 1.07344 0 0 0
-0.06 -0.18 1.2468 0 0 0
-0.06 -0.12 1.39019 0 0 0
-0.06 -0.06 1.48807 0 0 0
-0.06 0 1.52949 0 0 0
-0.06 0.06 1.51041 0 0 0
-0.06 0.12 1.43455 0 0 0
-0.06 0.18 1.3126 0 0 0
-0.06 0.24 1.16004 0 0 0
-0.06 0.3 0.994039 0 0 0
-0.06 0.36 0.830258 0 0 0
-0.06 0.42 0.680405 0 0 0
-0.06 0.48 0.550926 0 0 0
-0.06 0.54 0.44326 0 0 0
-0.06 0.6 0.355236 0 0 0
-0.06 0.66 0.283105 0 0 0
-0.06 0.72 0.223248 0 0 0
-0.06 0.78 0.17311 0 0 0
-0.06 0.84 0.131218 0 0 0
-0.06 0.9 0.0967901 0 0 0
-0.06 0.96 0.0692038 0 0 0
-0.06 1.02 0.0474108 0 0 0
-0.06 1.08 0.0318008 0 0 0
-0.06 1.14 0.0204634 0 0 0
-0.06 1.2 0.0125918 0 0 0
-0.06 1.26 0.00739618 0 0 0
-0.06 1.32 0.00414086 0 0 0
-0.06 1.38 0.0022065 0 0 0
-0.06 1.44 0.00111835 0 0 0
-0.06 1.5 0.000539727 0 0 0
-0.06 1.56 0.000248793 0 0 0
0 -1.02 0.0042383 0 0 0
0 -0.96 0.00824895 0 0 0
0 -0.9 0.0152702 0 0 0
0 -0.84 0.0297787 0 0 0
0 -0.78 0.0504685 0 0 0
0 -0.72 0.0824166 0 0 0
0 -0.66 0.129992 0 0 0
0 -0.6 0.198031 0 0 0
0 -0.54 0.291093 0 0 0
0 -0.48 0.412339 0 0 0
0 -0.42 0.562195 0 0 0
0 -0.36 0.737098 0 0 0
0 -0.3 0.928636 0 0 0
0 -0.24 1.12364 0 0 0
0 -0.18 1.30535 0 0 0
0 -0.12 1.45577 0 0 0
0 -0.06 1.55875 0 0 0
0 0 1.60307 0 0 0
0 0.06 1.5848 0 0 0
0 0.12 1.50814 0 0 0
0 0.18 1.3846 0 0 0
0 0.24 1.23043 0 0 0
0 0.3 1.06341 0 0 0
0 0.36 0.899338 0 0 0
0 0.42 0.749445 0 0 0
0 0.48 0.619288 0 0 0
0 0.54 0.509313 0 0 0
0 0.6 0.416748 0 0 0
0 0.66 0.337915 0 0 0
0 0.72 0.269854 0 0 0
0 0.78 0.210933 0 0 0
0 0.84 0.160578 0 0 0
0 0.9 0.118636 0 0 0
0 0.96 0.0848384 0 0 0
0 1.02 0.0582289 0 0 0
0 1.08 0.0389878 0 0 0
0 1.14 0.0250862 0 0 0
0 1.2 0.0154496 0 0 0
0 1.26 0.00908385 0 0 0
0 1.32 0.00509175 0 0 0
0 1.38 0.00271648 0 0 0
0 1.44 0.00137802 0 0 0
0 1.5 0.000665089 0 0 0
0 1.56 0.000306229 0 0 0
0 1.62 0.00013512 0 0 0
0.06 -1.02 0.00433648 0 0 0
0.06 -0.96 0.00845359 0 0 0
0.06 -0.9 0.0156722 0 0 0
0.06 -0.84 0.0300428 0 0 0
0.06 -0.78 0.050956 0 0 0
0.06 -0.72 0.083278 0 0 0
0.06 -0.66 0.131445 0 0 0
0.06 -0.6 0.200368 0 0 0
0.06 -0.54 0.29468 0 0 0
0.06 -0.48 0.417588 0 0 0
0.06 -0.42 0.569531 0 0 0
0.06 -0.36 0.746876 0 0 0
0.06 -0.3 0.941091 0 0 0
0.06 -0.24 1.13882 0 0 0
0.06 -0.18 1.32311 0 0 0
0.06 -0.12 1.47589 0 0 0
0.06 -0.06 1.58096 0 0 0
0.06 0 1.62733 0 0 0
0.06 0.06 1.61138 0 0 0
0.06 0.12 1.53779 0 0 0
0.06 0.18 1.41845 0 0 0
0.06 0.24 1.26994 0 0 0
0.06 0.3 1.10979 0 0 0
0.06 0.36 0.953064 0 0 0
0.06 0.42 0.809709 0 0 0
0.06 0.48 0.68382 0 0 0
0.06 0.54 0.574699 0 0 0
0.06 0.6 0.479243 0 0 0
0.06 0.66 0.39429 0 0 0
0.06 0.72 0.318006 0 0 0
0.06 0.78 0.250034 0 0 0
0.06 0.84 0.19086 0 0 0
0.06 0.9 0.141088 0 0 0
0.06 0.96 0.100829 0 0 0
0.06 1.02 0.0696357 0 0 0
0.06 1.08 0.0462564 0 0 0
0.06 1.14 0.0297343 0 0 0
0.06 1.2 0.0183179 0 0 0
0.06 1.26 0.0107766 0 0 0
0.06 1.32 0.00604453 0 0 0
0.06 1.38 0.00322716 0 0 0
0.06 1.44 0.00163797 0 0 0
0.06 1.5 0.000790496 0 0 0
0.06 1.56 0.000363592 0 0 0
0.06 1.62 0.000160087 0 0 0
0.12 -1.02 0.00428485 0 0 0
0.12 -0.96 0.00836855 0 0 0
0.12 -0.9 0.0155417 0 0 0
0.12 -0.84 0.0293879 0 0 0
0.12 -0.78 0.0498811 0 0 0
0.12 -0.72 0.081556 0 0 0
0.12 -0.66 0.128761 0 0 0
0.12 -0.6 0.196312 0 0 0
0.12 -0.54 0.288747 0 0 0
0.12 -0.48 0.409202 0 0 0
0.12 -0.42 0.558098 0 0 0
0.12 -0.36 0.731869 0 0 0
0.12 -0.3 0.922148 0 0 0
0.12 -0.24 1.11591 0 0 0
0.12 -0.18 1.29664 0 0 0
0.12 -0.12 1.4468 0 0 0
0.12 -0.06 1.55086 0 0 0
0.12 0 1.59845 0 0 0
0.12 0.06 1.58653 0 0 0
0.12 0.12 1.52017 0 0 0
0.12 0.18 1.41129 0 0 0
0.12 0.24 1.27595 0 0 0
0.12 0.3 1.13065 0 0 0
0.12 0.36 0.988726 0 0 0
0.12 0.42 0.858091 0 0 0
0.12 0.48 0.740934 0 0 0
0.12 0.54 0.635502 0 0 0
0.12 0.6 0.538737 0 0 0
0.12 0.66 0.448517 0 0 0
0.12 0.72 0.364483 0 0 0
0.12 0.78 0.287756 0 0 0
0.12 0.84 0.220018 0 0 0
0.12 0.9 0.162591 0 0 0
0.12 0.96 0.116094 0 0 0
0.12 1.02 0.0800376 0 0 0
0.12 1.08 0.0531185 0 0 0
0.12 1.14 0.0340945 0 0 0
0.12 1.2 0.0209982 0 0 0
0.12 1.26 0.0123554 0 0 0
0.12 1.32 0.00693145 0 0 0
0.12 1.38 0.00370162 0 0 0
0.12 1.44 0.00187906 0 0 0
0.12 1.5 0.000906576 0 0 0
0.12 1.56 0.00041654 0 0 0
0.12 1.62 0.000183043 0 0 0
0.12 1.68 7.73485e-05 0 0 0
0.18 -1.02 0.00408439 0 0 0
0.18 -0.96 0.00799463 0 0 0
0.18 -0.9 0.0148773 0 0 0
0.18 -0.84 0.0263657 0 0 0
0.18 -0.78 0.0472749 0 0 0
0.18 -0.72 0.0773018 0 0 0
0.18 -0.66 0.122025 0 0 0
0.18 -0.6 0.185992 0 0 0
0.18 -0.54 0.273486 0 0 0
0.18 -0.48 0.387467 0 0 0
0.18 -0.42 0.52832 0 0 0
0.18 -0.36 0.69266 0 0 0
0.18 -0.3 0.872621 0 0 0
0.18 -0.24 1.05594 0 0 0
0.18 -0.18 1.22716 0 0 0
0.18 -0.12 1.36994 0 0 0
0.18 -0.06 1.47006 0 0 0
0.18 0 1.51816 0 0 0
0.18 0.06 1.51199 0 0 0
0.18 0.12 1.45681 0 0 0
0.18 0.18 1.36414 0 0 0
0.18 0.24 1.24882 0 0 0
0.18 0.3 1.12533 0 0 0
0.18 0.36 1.00445 0 0 0
0.18 0.42 0.891414 0 0 0
0.18 0.48 0.7864 0 0 0
0.18 0.54 0.686899 0 0 0
0.18 0.6 0.590377 0 0 0
0.18 0.66 0.49611 0 0 0
0.18 0.72 0.40543 0 0 0
0.18 0.78 0.32099 0 0 0
0.18 0.84 0.245644 0 0 0
0.18 0.9 0.181464 0 0 0
0.18 0.96 0.129397 0 0 0
0.18 1.02 0.0890521 0 0 0
0.18 1.08 0.0590324 0 0 0
0.18 1.14 0.0378248 0 0 0
0.18 1.2 0.0232783 0 0 0
0.18 1.26 0.0136935 0 0 0
0.18 1.32 0.00768041 0 0 0
0.18 1.38 0.00410076 0 0 0
0.18 1.44 0.00208108 0 0 0
0.18 1.5 0.00100343 0 0 0
0.18 1.56 0.000460515 0 0 0
0.18 1.62 0.000201997 0 0 0
0.18 1.68 8.51496e-05 0 0 0
0.18 1.74 3.48992e-05 0 0 0
0.24 -1.02 0.00375192 0 0 0
0.24 -0.96 0.00736241 0 0 0
0.24 -0.9 0.0137331 0 0 0
0.24 -0.84 0.0243913 0 0 0
0.24 -0.78 0.0433254 0 0 0
0.24 -0.72 0.0708343 0 0 0
0.24 -0.66 0.111754 0 0 0
0.24 -0.6 0.170215 0 0 0
0.24 -0.54 0.250113 0 0 0
0.24 -0.48 0.354136 0 0 0
0.24 -0.42 0.482626 0 0 0
0.24 -0.36 0.632502 0 0 0
0.24 -0.3 0.796637 0 0 0
0.24 -0.24 0.963965 0 0 0
0.24 -0.18 1.1206 0 0 0
0.24 -0.12 1.25199 0 0 0
0.24 -0.06 1.34565 0 0 0
0.24 0 1.39366 0 0 0
0.24 0.06 1.39461 0 0 0
0.24 0.12 1.35381 0 0 0
0.24 0.18 1.28184 0 0 0
0.24 0.24 1.19163 0 0 0
0.24 0.3 1.09487 0 0 0
0.24 0.36 0.999071 0 0 0
0.24 0.42 0.906564 0 0 0
0.24 0.48 0.815729 0 0 0
0.24 0.54 0.723749 0 0 0
0.24 0.6 0.629012 0 0 0
0.24 0.66 0.532376 0 0 0
0.24 0.72 0.436855 0 0 0
0.24 0.78 0.346531 0 0 0
0.24 0.84 0.265297 0 0 0
0.24 0.9 0.195878 0 0 0
0.24 0.96 0.139501 0 0 0
0.24 1.02 0.0958518 0 0 0
0.24 1.08 0.0634641 0 0 0
0.24 1.14 0.0405947 0 0 0
0.24 1.2 0.0249569 0 0 0
0.24 1.26 0.0146718 0 0 0
0.24 1.32 0.00822376 0 0 0
0.24 1.38 0.00438807 0 0 0
0.24 1.44 0.00222531 0 0 0
0.24 1.5 0.001072 0 0 0
0.24 1.56 0.000491342 0 0 0
0.24 1.62 0.000215139 0 0 0
0.24 1.68 9.04935e-05 0 0 0
0.24 1.74 3.70095e-05 0 0 0
0.3 -0.96 0.00652951 0 0 0
0.3 -0.9 0.0122128 0 0 0
0.3 -0.84 0.0217462 0 0 0
0.3 -0.78 0.0369542 0 0 0
0.3 -0.72 0.0626922 0 0 0
0.3 -0.66 0.0988219 0 0 0
0.3 -0.6 0.150353 0 0 0
0.3 -0.54 0.22069 0 0 0
0.3 -0.48 0.312175 0 0 0
0.3 -0.42 0.425112 0 0 0
0.3 -0.36 0.556822 0 0 0
0.3 -0.3 0.701096 0 0 0
0.3 -0.24 0.848372 0 0 0
0.3 -0.18 0.986719 0 0 0
0.3 -0.12 1.1038 0 0 0
0.3 -0.06 1.18914 0 0 0
0.3 0 1.23652 0 0 0
0.3 0.06 1.24537 0 0 0
0.3 0.12 1.2208 0 0 0
0.3 0.18 1.17204 0 0 0
0.3 0.24 1.10952 0 0 0
0.3 0.3 1.04154 0 0 0
0.3 0.36 0.972135 0 0 0
0.3 0.42 0.900879 0 0 0
0.3 0.48 0.82485 0 0 0
0.3 0.54 0.741368 0 0 0
0.3 0.6 0.650003 0 0 0
0.3 0.66 0.553124 0 0 0
0.3 0.72 0.455226 0 0 0
0.3 0.78 0.361578 0 0 0
0.3 0.84 0.276855 0 0 0
0.3 0.9 0.204304 0 0 0
0.3 0.96 0.145348 0 0 0
0.3 1.02 0.0997371 0 0 0
0.3 1.08 0.0659673 0 0 0
0.3 1.14 0.0421308 0 0 0
0.3 1.2 0.02587 0 0 0
0.3 1.26 0.0151938 0 0 0
0.3 1.32 0.00850768 0 0 0
0.3 1.38 0.00453478 0 0 0
0.3 1.44 0.00229713 0 0 0
0.3 1.5 0.00110519 0 0 0
0.3 1.56 0.000505816 0 0 0
0.3 1.62 0.000221101 0 0 0
0.3 1.68 9.28244e-05 0 0 0
0.3 1.74 3.78921e-05 0 0 0
0.36 -0.96 0.00557112 0 0 0
0.36 -0.9 0.0104527 0 0 0
0.36 -0.84 0.0186673 0 0 0
0.36 -0.78 0.0317932 0 0 0
0.36 -0.72 0.0535519 0 0 0
0.36 -0.66 0.084324 0 0 0
0.36 -0.6 0.128112 0 0 0
0.36 -0.54 0.187772 0 0 0
0.36 -0.48 0.265277 0 0 0
0.36 -0.42 0.360876 0 0 0
0.36 -0.36 0.472344 0 0 0
0.36 -0.3 0.594527 0 0 0
0.36 -0.24 0.719502 0 0 0
0.36 -0.18 0.837532 0 0 0
0.36 -0.12 0.938597 0 0 0
0.36 -0.06 1.0145 0 0 0
0.36 0 1.06073 0 0 0
0.36 0.06 1.07743 0 0 0
0.36 0.12 1.06932 0 0 0
0.36 0.18 1.0439 0 0 0
0.36 0.24 1.00869 0 0 0
0.36 0.3 0.968498 0 0 0
0.36 0.36 0.924057 0 0 0
0.36 0.42 0.872753 0 0 0
0.36 0.48 0.810966 0 0 0
0.36 0.54 0.736511 0 0 0
0.36 0.6 0.650123 0 0 0
0.36 0.66 0.555472 0 0 0
0.36 0.72 0.458153 0 0 0
0.36 0.78 0.364224 0 0 0
0.36 0.84 0.278909 0 0 0
0.36 0.9 0.205732 0 0 0
0.36 0.96 0.146251 0 0 0
0.36 1.02 0.10026 0 0 0
0.36 1.08 0.0662575 0 0 0
0.36 1.14 0.0422632 0 0 0
0.36 1.2 0.0259181 0 0 0
0.36 1.26 0.0152018 0 0 0
0.36 1.32 0.00850053 0 0 0
0.36 1.38 0.00452436 0 0 0
0.36 1.44 0.00228835 0 0 0
0.36 1.5 0.0010992 0 0 0
0.36 1.56 0.000502252 0 0 0
0.36 1.62 0.000219185 0 0 0
0.36 1.68 9.18758e-05 0 0 0
0.36 1.74 3.74445e-05 0 0 0
0.36 1.8 1.46444e-05 0 0 0
0.42 -0.96 0.00456838 0 0 0
0.42 -0.9 0.00860222 0 0 0
0.42 -0.84 0.0154147 0 0 0
0.42 -0.78 0.026329 0 0 0
0.42 -0.72 0.0430106 0 0 0
0.42 -0.66 0.0694045 0 0 0
0.42 -0.6 0.105273 0 0 0
0.42 -0.54 0.154025 0 0 0
0.42 -0.48 0.217253 0 0 0
0.42 -0.42 0.295176 0 0 0
0.42 -0.36 0.386015 0 0 0
0.42 -0.3 0.485691 0 0 0
0.42 -0.24 0.587976 0 0 0
0.42 -0.18 0.68526 0 0 0
0.42 -0.12 0.769936 0 0 0
0.42 -0.06 0.83598 0 0 0
0.42 0 0.880418 0 0 0
0.42 0.06 0.904052 0 0 0
0.42 0.12 0.910931 0 0 0
0.42 0.18 0.906596 0 0 0
0.42 0.24 0.895616 0 0 0
0.42 0.3 0.879535 0 0 0
0.42 0.36 0.856434 0 0 0
0.42 0.42 0.822287 0 0 0
0.42 0.48 0.773346 0 0 0
0.42 0.54 0.708101 0 0 0
0.42 0.6 0.628285 0 0 0
0.42 0.66 0.538443 0 0 0
0.42 0.72 0.444818 0 0 0
0.42 0.78 0.353875 0 0 0
0.42 0.84 0.271012 0 0 0
0.42 0.9 0.199865 0 0 0
0.42 0.96 0.142018 0 0 0
0.42 1.02 0.0973015 0 0 0
0.42 1.08 0.06427 0 0 0
0.42 1.14 0.0409544 0 0 0
0.42 1.2 0.0250824 0 0 0
0.42 1.26 0.0146876 0 0 0
0.42 1.32 0.00819855 0 0 0
0.42 1.38 0.00435556 0 0 0
0.42 1.44 0.00219871 0 0 0
0.42 1.5 0.00105413 0 0 0
0.42 1.56 0.000480803 0 0 0
0.42 1.62 0.000209506 0 0 0
0.42 1.68 8.77078e-05 0 0 0
0.42 1.74 3.57011e-05 0 0 0
0.42 1.8 1.39505e-05 0 0 0
0.48 -0.9 0.00680003 0 0 0
0.48 -0.84 0.0122318 0 0 0
0.48 -0.78 0.0209669 0 0 0
0.48 -0.72 0.034322 0 0 0
0.48 -0.66 0.053899 0 0 0
0.48 -0.6 0.0834102 0 0 0
0.48 -0.54 0.1218 0 0 0
0.48 -0.48 0.17148 0 0 0
0.48 -0.42 0.232639 0 0 0
0.48 -0.36 0.303933 0 0 0
0.48 -0.3 0.382297 0 0 0
0.48 -0.24 0.463072 0 0 0
0.48 -0.18 0.540667 0 0 0
0.48 -0.12 0.609636 0 0 0
0.48 -0.06 0.665926 0 0 0
0.48 0 0.707924 0 0 0
0.48 0.06 0.736796 0 0 0
0.48 0.12 0.755739 0 0 0
0.48 0.18 0.76831 0 0 0
0.48 0.24 0.776408 0 0 0
0.48 0.3 0.778957 0 0 0
0.48 0.36 0.772281 0 0 0
0.48 0.42 0.751725 0 0 0
0.48 0.48 0.7138 0 0 0
0.48 0.54 0.657722 0 0 0
0.48 0.6 0.585875 0 0 0
0.48 0.66 0.503252 0 0 0
0.48 0.72 0.416266 0 0 0
0.48 0.78 0.331369 0 0 0
0.48 0.84 0.253841 0 0 0
0.48 0.9 0.187213 0 0 0
0.48 0.96 0.133019 0 0 0
0.48 1.02 0.0911195 0 0 0
0.48 1.08 0.0601742 0 0 0
0.48 1.14 0.0383153 0 0 0
0.48 1.2 0.0234321 0 0 0
0.48 1.26 0.0136939 0 0 0
0.48 1.32 0.00762771 0 0 0
0.48 1.38 0.00404319 0 0 0
0.48 1.44 0.00203628 0 0 0
0.48 1.5 0.000974102 0 0 0
0.48 1.56 0.000443477 0 0 0
0.48 1.62 0.000192978 0 0 0
0.48 1.68 8.07193e-05 0 0 0
0.48 1.74 3.28274e-05 0 0 0
0.48 1.8 1.28251e-05 0 0 0
0.54 -0.9 0.00515822 0 0 0
0.54 -0.84 0.00931814 0 0 0
0.54 -0.78 0.0160375 0 0 0
0.54 -0.72 0.0263392 0 0 0
0.54 -0.66 0.0414009 0 0 0
0.54 -0.6 0.0637182 0 0 0
0.54 -0.54 0.0928675 0 0 0
0.54 -0.48 0.130487 0 0 0
0.54 -0.42 0.176732 0 0 0
0.54 -0.36 0.230651 0 0 0
0.54 -0.3 0.290059 0 0 0
0.54 -0.24 0.351676 0 0 0
0.54 -0.18 0.411653 0 0 0
0.54 -0.12 0.466399 0 0 0
0.54 -0.06 0.513482 0 0 0
0.54 0 0.552319 0 0 0
0.54 0.06 0.584183 0 0 0
0.54 0.12 0.611343 0 0 0
0.54 0.18 0.635549 0 0 0
0.54 0.24 0.656572 0 0 0
0.54 0.3 0.671602 0 0 0
0.54 0.36 0.6761 0 0 0
0.54 0.42 0.66542 0 0 0
0.54 0.48 0.6366 0 0 0
0.54 0.54 0.589419 0 0 0
0.54 0.6 0.526603 0 0 0
0.54 0.66 0.453155 0 0 0
0.54 0.72 0.375232 0 0 0
0.54 0.78 0.298899 0 0 0
0.54 0.84 0.229074 0 0 0
0.54 0.9 0.169006 0 0 0
0.54 0.96 0.120121 0 0 0
0.54 1.02 0.0823018 0 0 0
0.54 1.08 0.0543548 0 0 0
0.54 1.14 0.034587 0 0 0
0.54 1.2 0.0211154 0 0 0
0.54 1.26 0.0123109 0 0 0
0.54 1.32 0.00684022 0 0 0
0.54 1.38 0.00361618 0 0 0
0.54 1.44 0.00181632 0 0 0
0.54 1.5 0.000866756 0 0 0
0.54 1.56 0.000393864 0 0 0
0.54 1.62 0.000171198 0 0 0
0.54 1.68 7.15814e-05 0 0 0
0.54 1.74 2.90982e-05 0 0 0
0.54 1.8 1.13739e-05 0 0 0
0.6 -0.84 0.00680792 0 0 0
0.6 -0.78 0.0117697 0 0 0
0.6 -0.72 0.0194112 0 0 0
0.6 -0.66 0.0305924 0 0 0
0.6 -0.6 0.0462294 0 0 0
0.6 -0.54 0.0682792 0 0 0
0.6 -0.48 0.0957627 0 0 0
0.6 -0.42 0.129486 0 0 0
0.6 -0.36 0.168818 0 0 0
0.6 -0.3 0.212305 0 0 0
0.6 -0.24 0.257785 0 0 0
0.6 -0.18 0.302814 0 0 0
0.6 -0.12 0.345259 0 0 0
0.6 -0.06 0.383925 0 0 0
0.6 0 0.418894 0 0 0
0.6 0.06 0.451335 0 0 0
0.6 0.12 0.482608 0 0 0
0.6 0.18 0.513016 0 0 0
0.6 0.24 0.540908 0 0 0
0.6 0.3 0.562627 0 0 0
0.6 0.36 0.573517 0 0 0
0.6 0.42 0.569385 0 0 0
0.6 0.48 0.547869 0 0 0
0.6 0.54 0.509123 0 0 0
0.6 0.6 0.455914 0 0 0
0.6 0.66 0.392907 0 0 0
0.6 0.72 0.32568 0 0 0
0.6 0.78 0.259627 0 0 0
0.6 0.84 0.199117 0 0 0
0.6 0.9 0.147005 0 0 0
0.6 0.96 0.104554 0 0 0
0.6 1.02 0.0716756 0 0 0
0.6 1.08 0.0473483 0 0 0
0.6 1.14 0.0301046 0 0 0
0.6 1.2 0.0183387 0 0 0
0.6 1.26 0.0106627 0 0 0
0.6 1.32 0.00590738 0 0 0
0.6 1.38 0.0031134 0 0 0
0.6 1.44 0.00155905 0 0 0
0.6 1.5 0.000742053 0 0 0
0.6 1.56 0.000336595 0 0 0
0.6 1.62 0.000146195 0 0 0
0.6 1.68 6.1137e-05 0 0 0
0.6 1.74 2.48538e-05 0 0 0
0.6 1.8 9.72693e-06 0 0 0
0.6 1.86 3.26823e-06 0 0 0
0.66 -0.84 0.00476491 0 0 0
0.66 -0.78 0.00827861 0 0 0
0.66 -0.72 0.0137174 0 0 0
0.66 -0.66 0.0217091 0 0 0
0.66 -0.6 0.0328769 0 0 0
0.66 -0.54 0.0477996 0 0 0
0.66 -0.48 0.0677988 0 0 0
0.66 -0.42 0.0915538 0 0 0
0.66 -0.36 0.119278 0 0 0
0.66 -0.3 0.150068 0 0 0
0.66 -0.24 0.182626 0 0 0
0.66 -0.18 0.215553 0 0 0
0.66 -0.12 0.247774 0 0 0
0.66 -0.06 0.278925 0 0 0
0.66 0 0.309447 0 0 0
0.66 0.06 0.340254 0 0 0
0.66 0.12 0.371919 0 0 0
0.66 0.18 0.403778 0 0 0
0.66 0.24 0.433444 0 0 0
0.66 0.3 0.457142 0 0 0
0.66 0.36 0.47063 0 0 0
0.66 0.42 0.470381 0 0 0
0.66 0.48 0.454572 0 0 0
0.66 0.54 0.423622 0 0 0
0.66 0.6 0.380052 0 0 0
0.66 0.66 0.327959 0 0 0
0.66 0.72 0.272123 0 0 0
0.66 0.78 0.217134 0 0 0
0.66 0.84 0.166693 0 0 0
0.66 0.9 0.123193 0 0 0
0.66 0.96 0.0877051 0 0 0
0.66 1.02 0.0601562 0 0 0
0.66 1.08 0.0397563 0 0 0
0.66 1.14 0.025245 0 0 0
0.66 1.2 0.0153362 0 0 0
0.66 1.26 0.00888915 0 0 0
0.66 1.32 0.00490852 0 0 0
0.66 1.38 0.00257799 0 0 0
0.66 1.44 0.0012867 0 0 0
0.66 1.5 0.000610806 0 0 0
0.66 1.56 0.000276634 0 0 0
0.66 1.62 0.00012012 0 0 0
0.66 1.68 5.02718e-05 0 0 0
0.66 1.74 2.04489e-05 0 0 0
0.66 1.8 7.26036e-06 0 0 0
0.66 1.86 2.76282e-06 0 0 0
0.72 -0.78 0.00557461 0 0 0
0.72 -0.72 0.0092843 0 0 0
0.72 -0.66 0.0147652 0 0 0
0.72 -0.6 0.0224547 0 0 0
0.72 -0.54 0.0327185 0 0 0
0.72 -0.48 0.0458108 0 0 0
0.72 -0.42 0.062497 0 0 0
0.72 -0.36 0.0814258 0 0 0
0.72 -0.3 0.102577 0 0 0
0.72 -0.24 0.12525 0 0 0
0.72 -0.18 0.148773 0 0 0
0.72 -0.12 0.172769 0 0 0
0.72 -0.06 0.19735 0 0 0
0.72 0 0.223073 0 0 0
0.72 0.06 0.25054 0 0 0
0.72 0.12 0.279747 0 0 0
0.72 0.18 0.309506 0 0 0
0.72 0.24 0.337311 0 0 0
0.72 0.3 0.35972 0 0 0
0.72 0.36 0.373163 0 0 0
0.72 0.42 0.374841 0 0 0
0.72 0.48 0.363444 0 0 0
0.72 0.54 0.339431 0 0 0
0.72 0.6 0.304991 0 0 0
0.72 0.66 0.263512 0 0 0
0.72 0.72 0.218899 0 0 0
0.72 0.78 0.174872 0 0 0
0.72 0.84 0.134414 0 0 0
0.72 0.9 0.099466 0 0 0
0.72 0.96 0.0708977 0 0 0
0.72 1.02 0.0486699 0 0 0
0.72 1.08 0.0321565 0 0 0
0.72 1.14 0.0203754 0 0 0
0.72 1.2 0.0123375 0 0 0
0.72 1.26 0.00712599 0 0 0
0.72 1.32 0.00392022 0 0 0
0.72 1.38 0.00205105 0 0 0
0.72 1.44 0.00102015 0 0 0
0.72 1.5 0.000483055 0 0 0
0.72 1.56 0.000218533 0 0 0
0.72 1.62 9.49228e-05 0 0 0
0.72 1.68 3.97865e-05 0 0 0
0.72 1.74 1.49894e-05 0 0 0
0.72 1.8 5.87702e-06 0 0 0
0.72 1.86 2.24341e-06 0 0 0
0.78 -0.78 0.0035892 0 0 0
0.78 -0.72 0.00601134 0 0 0
0.78 -0.66 0.00961066 0 0 0
0.78 -0.6 0.0146908 0 0 0
0.78 -0.54 0.0215036 0 0 0
0.78 -0.48 0.0301995 0 0 0
0.78 -0.42 0.0408079 0 0 0
0.78 -0.36 0.0537296 0 0 0
0.78 -0.3 0.0678705 0 0 0
0.78 -0.24 0.083292 0 0 0
0.78 -0.18 0.0997699 0 0 0
0.78 -0.12 0.117325 0 0 0
0.78 -0.06 0.136285 0 0 0
0.78 0 0.157157 0 0 0
0.78 0.06 0.180254 0 0 0
0.78 0.12 0.205234 0 0 0
0.78 0.18 0.230766 0 0 0
0.78 0.24 0.254578 0 0 0
0.78 0.3 0.273817 0 0 0
0.78 0.36 0.285674 0 0 0
0.78 0.42 0.288032 0 0 0
0.78 0.48 0.279963 0 0 0
0.78 0.54 0.261922 0 0 0
0.78 0.6 0.235674 0 0 0
0.78 0.66 0.203874 0 0 0
0.78 0.72 0.169571 0 0 0
0.78 0.78 0.135654 0 0 0
0.78 0.84 0.104421 0 0 0
0.78 0.9 0.0773844 0 0 0
0.78 0.96 0.0552243 0 0 0
0.78 1.02 0.0379297 0 0 0
0.78 1.08 0.0250289 0 0 0
0.78 1.14 0.0158101 0 0 0
0.78 1.2 0.00953769 0 0 0
0.78 1.26 0.00548738 0 0 0
0.78 1.32 0.00300623 0 0 0
0.78 1.38 0.00156643 0 0 0
0.78 1.44 0.00077642 0 0 0
0.78 1.5 0.000366857 0 0 0
0.78 1.56 0.000165885 0 0 0
0.78 1.62 7.21337e-05 0 0 0
0.78 1.68 2.86789e-05 0 0 0
0.78 1.74 1.1609e-05 0 0 0
0.78 1.8 4.56911e-06 0 0 0
0.78 1.86 1.75035e-06 0 0 0
0.84 -0.72 0.00371856 0 0 0
0.84 -0.66 0.0059797 0 0 0
0.84 -0.6 0.00919167 0 0 0
0.84 -0.54 0.0135293 0 0 0
0.84 -0.48 0.0191047 0 0 0
0.84 -0.42 0.0259428 0 0 0
0.84 -0.36 0.033987 0 0 0
0.84 -0.3 0.0431389 0 0 0
0.84 -0.24 0.0537733 0 0 0
0.84 -0.18 0.0651264 0 0 0
0.84 -0.12 0.0777498 0 0 0
0.84 -0.06 0.0920121 0 0 0
0.84 0 0.108293 0 0 0
0.84 0.06 0.12669 0 0 0
0.84 0.12 0.146719 0 0 0
0.84 0.18 0.167159 0 0 0
0.84 0.24 0.18615 0 0 0
0.84 0.3 0.201489 0 0 0
0.84 0.36 0.211087 0 0 0
0.84 0.42 0.213409 0 0 0
0.84 0.48 0.207819 0 0 0
0.84 0.54 0.194707 0 0 0
0.84 0.6 0.17542 0 0 0
0.84 0.66 0.151947 0 0 0
0.84 0.72 0.126558 0 0 0
0.84 0.78 0.101398 0 0 0
0.84 0.84 0.0781744 0 0 0
0.84 0.9 0.0580141 0 0 0
0.84 0.96 0.0414358 0 0 0
0.84 1.02 0.0284449 0 0 0
0.84 1.08 0.0187207 0 0 0
0.84 1.14 0.0117806 0 0 0
0.84 1.2 0.0070781 0 0 0
0.84 1.26 0.00405459 0 0 0
0.84 1.32 0.00221126 0 0 0
0.84 1.38 0.00114739 0 0 0
0.84 1.44 0.00056692 0 0 0
0.84 1.5 0.000267457 0 0 0
0.84 1.56 0.000120979 0 0 0
0.84 1.62 5.02987e-05 0 0 0
0.84 1.68 2.12393e-05 0 0 0
0.84 1.74 8.63464e-06 0 0 0
0.84 1.8 3.41359e-06 0 0 0
0.9 -0.66 0.00355171 0 0 0
0.9 -0.6 0.00549339 0 0 0
0.9 -0.54 0.00813603 0 0 0
0.9 -0.48 0.0115645 0 0 0
0.9 -0.42 0.015818 0 0 0
0.9 -0.36 0.0208928 0 0 0
0.9 -0.3 0.0267697 0 0 0
0.9 -0.24 0.0334707 0 0 0
0.9 -0.18 0.041413 0 0 0
0.9 -0.12 0.0503308 0 0 0
0.9 -0.06 0.0607699 0 0 0
0.9 0 0.0729744 0 0 0
0.9 0.06 0.0869093 0 0 0
0.9 0.12 0.102089 0 0 0
0.9 0.18 0.117516 0 0 0
0.9 0.24 0.131785 0 0 0
0.9 0.3 0.143294 0 0 0
0.9 0.36 0.150557 0 0 0
0.9 0.42 0.152507 0 0 0
0.9 0.48 0.148727 0 0 0
0.9 0.54 0.139515 0 0 0
0.9 0.6 0.125847 0 0 0
0.9 0.66 0.109152 0 0 0
0.9 0.72 0.0910467 0 0 0
0.9 0.78 0.0730557 0 0 0
0.9 0.84 0.0564024 0 0 0
0.9 0.9 0.0418963 0 0 0
0.9 0.96 0.0299138 0 0 0
0.9 1.02 0.0204926 0 0 0
0.9 1.08 0.0134368 0 0 0
0.9 1.14 0.00842035 0 0 0
0.9 1.2 0.00503668 0 0 0
0.9 1.26 0.00287148 0 0 0
0.9 1.32 0.00155868 0 0 0
0.9 1.38 0.000805533 0 0 0
0.9 1.44 0.000396994 0 0 0
0.9 1.5 0.000180824 0 0 0
0.9 1.56 8.1768e-05 0 0 0
0.9 1.62 3.59039e-05 0 0 0
0.9 1.68 1.51063e-05 0 0 0
0.9 1.74 6.17142e-06 0 0 0
0.9 1.8 2.45181e-06 0 0 0
0.96 -0.66 0.0020115 0 0 0
0.96 -0.6 0.003132 0 0 0
0.96 -0.54 0.00467146 0 0 0
0.96 -0.48 0.00669059 0 0 0
0.96 -0.42 0.00923145 0 0 0
0.96 -0.36 0.0123229 0 0 0
0.96 -0.3 0.0159998 0 0 0
0.96 -0.24 0.0203346 0 0 0
0.96 -0.18 0.0254673 0 0 0
0.96 -0.12 0.0316052 0 0 0
0.96 -0.06 0.0392231 0 0 0
0.96 0 0.0480199 0 0 0
0.96 0.06 0.0580963 0 0 0
0.96 0.12 0.0690389 0 0 0
0.96 0.18 0.0801052 0 0 0
0.96 0.24 0.0902877 0 0 0
0.96 0.3 0.0984826 0 0 0
0.96 0.36 0.103682 0 0 0
0.96 0.42 0.105171 0 0 0
0.96 0.48 0.102673 0 0 0
0.96 0.54 0.0964171 0 0 0
0.96 0.6 0.087069 0 0 0
0.96 0.66 0.0756117 0 0 0
0.96 0.72 0.063151 0 0 0
0.96 0.78 0.0507323 0 0 0
0.96 0.84 0.0391986 0 0 0
0.96 0.9 0.0291085 0 0 0
0.96 0.96 0.0207403 0 0 0
0.96 1.02 0.0141566 0 0 0
0.96 1.08 0.00924334 0 0 0
0.96 1.14 0.00576639 0 0 0
0.96 1.2 0.00343238 0 0 0
0.96 1.26 0.00194705 0 0 0
0.96 1.32 0.00105202 0 0 0
0.96 1.38 0.000528441 0 0 0
0.96 1.44 0.000259652 0 0 0
0.96 1.5 0.000122321 0 0 0
0.96 1.56 5.54683e-05 0 0 0
0.96 1.62 2.44131e-05 0 0 0
0.96 1.68 1.03254e-05 0 0 0
0.96 1.74 4.24139e-06 0 0 0
1.02 -0.6 0.00170201 0 0 0
1.02 -0.54 0.00255823 0 0 0
1.02 -0.48 0.00369662 0 0 0
1.02 -0.42 0.0051544 0 0 0
1.02 -0.36 0.00696996 0 0 0
1.02 -0.3 0.00919736 0 0 0
1.02 -0.24 0.0119245 0 0 0
1.02 -0.18 0.0152836 0 0 0
1.02 -0.12 0.0194358 0 0 0
1.02 -0.06 0.0245217 0 0 0
1.02 0 0.0305892 0 0 0
1.02 0.06 0.037742 0 0 0
1.02 0.12 0.0452893 0 0 0
1.02 0.18 0.0528744 0 0 0
1.02 0.24 0.0598229 0 0 0
1.02 0.3 0.0654003 0 0 0
1.02 0.36 0.0689475 0 0 0
1.02 0.42 0.0700028 0 0 0
1.02 0.48 0.0683979 0 0 0
1.02 0.54 0.0642819 0 0 0
1.02 0.6 0.0581017 0 0 0
1.02 0.66 0.0505027 0 0 0
1.02 0.72 0.0422134 0 0 0
1.02 0.78 0.0339232 0 0 0
1.02 0.84 0.0261907 0 0 0
1.02 0.9 0.0194022 0 0 0
1.02 0.96 0.0137767 0 0 0
1.02 1.02 0.00936438 0 0 0
1.02 1.08 0.00608681 0 0 0
1.02 1.14 0.00377862 0 0 0
1.02 1.2 0.00223756 0 0 0
1.02 1.26 0.0012405 0 0 0
1.02 1.32 0.000666801 0 0 0
1.02 1.38 0.000342209 0 0 0
1.02 1.44 0.000168148 0 0 0
1.02 1.5 7.93831e-05 0 0 0
1.02 1.56 3.63731e-05 0 0 0
1.02 1.62 1.59549e-05 0 0 0
1.02 1.68 6.78763e-06 0 0 0
1.08 -0.54 0.00133582 0 0 0
1.08 -0.48 0.0019496 0 0 0
1.08 -0.42 0.00275271 0 0 0
1.08 -0.36 0.00378126 0 0 0
1.08 -0.3 0.00508747 0 0 0
1.08 -0.24 0.00674933 0 0 0
1.08 -0.18 0.00887201 0 0 0
1.08 -0.12 0.0115713 0 0 0
1.08 -0.06 0.0149365 0 0 0
1.08 0 0.0189823 0 0 0
1.08 0.06 0.0236073 0 0 0
1.08 0.12 0.0285799 0 0 0
1.08 0.18 0.0335463 0 0 0
1.08 0.24 0.0382751 0 0 0
1.08 0.3 0.0419214 0 0 0
1.08 0.36 0.0442432 0 0 0
1.08 0.42 0.0449525 0 0 0
1.08 0.48 0.0439454 0 0 0
1.08 0.54 0.0413218 0 0 0
1.08 0.6 0.037364 0 0 0
1.08 0.66 0.0324814 0 0 0
1.08 0.72 0.0271371 0 0 0
1.08 0.78 0.0217756 0 0 0
1.08 0.84 0.0167678 0 0 0
1.08 0.9 0.0123779 0 0 0
1.08 0.96 0.0087536 0 0 0
1.08 1.02 0.00592381 0 0 0
1.08 1.08 0.00378579 0 0 0
1.08 1.14 0.00233611 0 0 0
1.08 1.2 0.00137511 0 0 0
1.08 1.26 0.000772075 0 0 0
1.08 1.32 0.000413859 0 0 0
1.08 1.38 0.00021224 0 0 0
1.08 1.44 0.000104439 0 0 0
1.08 1.5 4.9477e-05 0 0 0
1.08 1.56 2.27306e-05 0 0 0
1.08 1.62 1.00315e-05 0 0 0
1.14 -0.48 0.000982373 0 0 0
1.14 -0.42 0.00140702 0 0 0
1.14 -0.36 0.00196872 0 0 0
1.14 -0.3 0.00270917 0 0 0
1.14 -0.24 0.00368739 0 0 0
1.14 -0.18 0.00497749 0 0 0
1.14 -0.12 0.00665535 0 0 0
1.14 -0.06 0.00877486 0 0 0
1.14 0 0.0113395 0 0 0
1.14 0.06 0.0142791 0 0 0
1.14 0.12 0.0174397 0 0 0
1.14 0.18 0.0205916 0 0 0
1.14 0.24 0.0234545 0 0 0
1.14 0.3 0.0257387 0 0 0
1.14 0.36 0.0271906 0 0 0
1.14 0.42 0.0276368 0 0 0
1.14 0.48 0.027016 0 0 0
1.14 0.54 0.0253921 0 0 0
1.14 0.6 0.0229388 0 0 0
1.14 0.66 0.0199096 0 0 0
1.14 0.72 0.016594 0 0 0
1.14 0.78 0.0132731 0 0 0
1.14 0.84 0.010181 0 0 0
1.14 0.9 0.0074843 0 0 0
1.14 0.96 0.00526748 0 0 0
1.14 1.02 0.00354572 0 0 0
1.14 1.08 0.00228039 0 0 0
1.14 1.14 0.00140021 0 0 0
1.14 1.2 0.000820599 0 0 0
1.14 1.26 0.000459288 0 0 0
1.14 1.32 0.000245879 0 0 0
1.14 1.38 0.000126212 0 0 0
1.14 1.44 6.22931e-05 0 0 0
1.14 1.5 2.98136e-05 0 0 0
1.14 1.56 1.36704e-05 0 0 0
1.2 -0.36 0.000985498 0 0 0
1.2 -0.3 0.00139013 0 0 0
1.2 -0.24 0.00194391 0 0 0
1.2 -0.18 0.00269469 0 0 0
1.2 -0.12 0.00368899 0 0 0
1.2 -0.06 0.00495792 0 0 0
1.2 0 0.0065014 0 0 0
1.2 0.06 0.00827499 0 0 0
1.2 0.12 0.0101848 0 0 0
1.2 0.18 0.0120911 0 0 0
1.2 0.24 0.0138244 0 0 0
1.2 0.3 0.0152085 0 0 0
1.2 0.36 0.0160903 0 0 0
1.2 0.42 0.0163653 0 0 0
1.2 0.48 0.0159977 0 0 0
1.2 0.54 0.0150265 0 0 0
1.2 0.6 0.0135577 0 0 0
1.2 0.66 0.0117455 0 0 0
1.2 0.72 0.00976595 0 0 0
1.2 0.78 0.00778872 0 0 0
1.2 0.84 0.00595383 0 0 0
1.2 0.9 0.00435943 0 0 0
1.2 0.96 0.0030545 0 0 0
1.2 1.02 0.00204623 0 0 0
1.2 1.08 0.0013097 0 0 0
1.2 1.14 0.000800721 0 0 0
1.2 1.2 0.000467762 0 0 0
1.2 1.26 0.000261411 0 0 0
1.2 1.32 0.00014003 0 0 0
1.2 1.38 7.20706e-05 0 0 0
1.2 1.44 3.59609e-05 0 0 0
1.26 -0.3 0.000688624 0 0 0
1.26 -0.24 0.000988918 0 0 0
1.26 -0.18 0.00140544 0 0 0
1.26 -0.12 0.0019654 0 0 0
1.26 -0.06 0.00268638 0 0 0
1.26 0 0.00356777 0 0 0
1.26 0.06 0.00458371 0 0 0
1.26 0.12 0.00567978 0 0 0
1.26 0.18 0.00677548 0 0 0
1.26 0.24 0.00777303 0 0 0
1.26 0.3 0.00857086 0 0 0
1.26 0.36 0.00908016 0 0 0
1.26 0.42 0.00924085 0 0 0
1.26 0.48 0.00903248 0 0 0
1.26 0.54 0.00847759 0 0 0
1.26 0.6 0.00763836 0 0 0
1.26 0.66 0.00660437 0 0 0
1.26 0.72 0.0054773 0 0 0
1.26 0.78 0.00435432 0 0 0
1.26 0.84 0.0033166 0 0 0
1.26 0.9 0.00241834 0 0 0
1.26 0.96 0.0016869 0 0 0
1.26 1.02 0.00112504 0 0 0
1.26 1.08 0.000717234 0 0 0
1.26 1.14 0.000437198 0 0 0
1.26 1.2 0.000255046 0 0 0
1.26 1.26 0.000142609 0 0 0
1.26 1.32 7.6584e-05 0 0 0
1.26 1.38 3.95853e-05 0 0 0
1.32 -0.18 0.000705664 0 0 0
1.32 -0.12 0.00100463 0 0 0
1.32 -0.06 0.00139263 0 0 0
1.32 0 0.0018695 0 0 0
1.32 0.06 0.00242123 0 0 0
1.32 0.12 0.0030182 0 0 0
1.32 0.18 0.00361639 0 0 0
1.32 0.24 0.00416195 0 0 0
1.32 0.3 0.00459895 0 0 0
1.32 0.36 0.00487852 0 0 0
1.32 0.42 0.00496747 0 0 0
1.32 0.48 0.00485447 0 0 0
1.32 0.54 0.00455244 0 0 0
1.32 0.6 0.00409569 0 0 0
1.32 0.66 0.00353379 0 0 0
1.32 0.72 0.00292251 0 0 0
1.32 0.78 0.00231608 0 0 0
1.32 0.84 0.00175765 0 0 0
1.32 0.9 0.0012766 0 0 0
1.32 0.96 0.000887078 0 0 0
1.32 1.02 0.000589631 0 0 0
1.32 1.08 0.000374987 0 0 0
1.32 1.14 0.000228346 0 0 0
1.32 1.2 0.000133307 0 0 0
1.32 1.26 7.47315e-05 0 0 0
1.38 -0.06 0.000690246 0 0 0
1.38 0 0.000934366 0 0 0
1.38 0.06 0.00121798 0 0 0
1.38 0.12 0.00152593 0 0 0
1.38 0.18 0.00183543 0 0 0
1.38 0.24 0.00211833 0 0 0
1.38 0.3 0.00234544 0 0 0
1.38 0.36 0.00249102 0 0 0
1.38 0.42 0.00253763 0 0 0
1.38 0.48 0.00247935 0 0 0
1.38 0.54 0.00232302 0 0 0
1.38 0.6 0.00208677 0 0 0
1.38 0.66 0.00179651 0 0 0
1.38 0.72 0.00148215 0 0 0
1.38 0.78 0.00117114 0 0 0
1.38 0.84 0.000886008 0 0 0
1.38 0.9 0.000641609 0 0 0
1.38 0.96 0.000444723 0 0 0
1.38 1.02 0.000295127 0 0 0
1.38 1.08 0.000187631 0 0 0
1.38 1.14 0.000114395 0 0 0
1.44 0.12 0.000734049 0 0 0
1.44 0.18 0.000885537 0 0 0
1.44 0.24 0.00102438 0 0 0
1.44 0.3 0.00113608 0 0 0
1.44 0.36 0.0012078 0 0 0
1.44 0.42 0.00123088 0 0 0
1.44 0.48 0.00120236 0 0 0
1.44 0.54 0.00112565 0 0 0
1.44 0.6 0.00100973 0 0 0
1.44 0.66 0.000867947 0 0 0
1.44 0.72 0.000714643 0 0 0
1.44 0.78 0.000563522 0 0 0
1.44 0.84 0.000425518 0 0 0
1.44 0.9 0.000307711 0 0 0
1.44 0.96 0.000213161 0 0 0
1.44 1.02 0.000141533 0 0 0
1.5 0.36 0.000556761 0 0 0
1.5 0.42 0.000567548 0 0 0
1.5 0.48 0.000554318 0 0 0
1.5 0.54 0.000518616 0 0 0
1.5 0.6 0.000464939 0 0 0
1.5 0.66 0.000399277 0 0 0
1.5 0.72 0.000328446 0 0 0
