2.5 -0.7489 0.019798 -0.00042929 4.67476e-05 0.900856 0.0578305 -0.650187 0.0248786 -0.00022946 3.50137e-05 1.0691 0.0557218 -0.661633 0.0237201 -0.000426753 6.12675e-05 1.05057 0.0471144 -0.574622 0.0314193 -0.000383611 8.29291e-05 1.20666 0.0620766 
7.5 -0.733418 0.0183019 -0.00069141 6.93705e-05 1.01685 0.0350068 -0.696154 0.0217693 -0.000406585 5.10918e-05 1.01802 0.0500787 -0.643851 0.0250847 -0.000540737 8.3539e-05 1.10521 0.05452 -0.642032 0.024985 -0.000798152 0.00012344 1.09929 0.0509095 
12.5 -0.505329 0.0395933 -0.00030524 9.37109e-05 1.43879 0.0995434 -0.646578 0.0229271 -0.000466103 6.52843e-05 1.13024 0.0404995 -0.610614 0.0268184 -0.000706804 0.000122454 1.17528 0.050972 -0.459126 0.0547192 -0.000326605 0.000152679 1.53326 0.171945 
17.5 0.565451 0.0228794 0.000875566 0.000148858 -1.06586 0.0870328 -0.605971 0.0254778 -0.000568956 9.38125e-05 1.21077 0.0444304 -0.47377 0.0478924 -0.000377615 0.000149745 1.51794 0.140311 0.374747 0.0850115 0.000203816 0.000187806 -1.85859 0.44882 
22.5 0.711407 0.00935946 0.00362013 0.000226811 0.902671 0.0159791 -0.549773 0.0324529 -0.000594004 0.000137432 1.31561 0.0687904 0.404474 0.0656274 0.000312627 0.000206397 -1.73378 0.307085 0.506389 0.0315866 0.00105138 0.000272795 -1.3488 0.110511 
27.5 0.753631 0.00678484 0.00688628 0.000325415 0.940356 0.00680246 -0.321241 0.144677 -0.000101153 0.000177639 2.16858 0.96514 0.568865 0.0208392 0.00181329 0.000283659 -1.1142 0.0755276 0.585587 0.0189681 0.00251477 0.000352371 -1.08101 0.0696313 
32.5 0.780764 0.00566106 0.0107303 0.000441981 0.948107 0.00479196 0.47025 0.0396018 0.00069289 0.000239977 -1.4594 0.150025 0.644382 0.0131031 0.00424807 0.000394953 -0.848488 0.0843849 0.658087 0.0118699 0.00546043 0.000461903 -0.801806 0.0933485 
37.5 0.799612 0.00484105 0.0164099 0.000608368 0.954542 0.00358643 0.638416 0.013657 0.0034867 0.000335141 -0.796736 0.112051 0.727112 0.00776022 0.00950809 0.000527229 0.873077 0.018232 0.738815 0.00718361 0.0118473 0.000616473 0.886841 0.0144088 
42.5 0.81688 0.0042283 0.0232493 0.00078608 0.961466 0.00271845 0.671974 0.0109156 0.00602408 0.000462845 0.56565 0.378174 0.761762 0.00613675 0.0153806 0.000703172 0.915758 0.00861419 0.745215 0.00673269 0.0151375 0.000756836 0.886057 0.0136995 
47.5 0.825662 0.00393401 0.0326326 0.00106006 0.962649 0.00245491 0.726783 0.00765648 0.0118575 0.000652798 0.872256 0.0182171 0.780417 0.00533464 0.0222814 0.000920865 0.929787 0.00613736 0.782489 0.00529063 0.0227245 0.000928253 0.93359 0.00575099 
52.5 0.843607 0.00340728 0.0433764 0.00127725 0.970097 0.00175517 0.777289 0.00549215 0.0206614 0.00086324 0.932955 0.0060034 0.802595 0.00461193 0.0289345 0.00106873 0.946361 0.00399779 0.804215 0.00453861 0.0297895 0.00108684 0.9483 0.00380782 
57.5 0.863213 0.00290534 0.0629118 0.00167703 0.975281 0.00128343 0.804728 0.00448489 0.0312012 0.00112321 0.951692 0.00353886 0.823543 0.00394676 0.0388562 0.00128113 0.959256 0.00263315 0.803614 0.00455627 0.0313923 0.00115202 0.94671 0.00391423 
62.5 0.874013 0.00266792 0.0827758 0.0020975 0.977231 0.00112353 0.82412 0.00391383 0.0423708 0.00139406 0.958843 0.00266249 0.814047 0.00425835 0.0399529 0.00141005 0.948323 0.00356023 0.782173 0.00534599 0.0289936 0.00122056 0.917215 0.00731856 
67.5 0.874605 0.00274263 0.0950824 0.00246341 0.974704 0.00126553 0.818026 0.00418481 0.0466069 0.00162894 0.948244 0.00353892 0.792521 0.00500964 0.0367424 0.00148637 0.920559 0.00655922 0.732634 0.00748831 0.0208492 0.00118182 0.757106 0.0499174 
72.5 0.857806 0.00336999 0.0939145 0.00281336 0.961435 0.00224198 0.783261 0.0055906 0.0395986 0.00175147 0.892651 0.0105513 0.718883 0.00845056 0.0221629 0.00140994 -0.657849 0.149831 0.561594 0.0217057 0.00588922 0.00101241 -1.34484 0.0707087 
77.5 0.778945 0.0063183 0.0540944 0.00266108 0.832977 0.0220843 0.60368 0.0175279 0.011015 0.00147952 -1.24302 0.0556161 -0.5541 0.0285059 -0.00537081 0.00100189 1.54999 0.0683976 -0.774329 0.0132047 -0.0134073 0.000665615 1.18782 0.0147306 
82.5 -0.641997 0.0220489 -0.0145257 0.00167472 1.41567 0.0388454 -0.86934 0.0116114 -0.0248029 0.000806277 1.1145 0.0104343 -1.00199 0.00986656 -0.0267352 0.000577237 1.00031 0.00792617 -1.10816 0.00949332 -0.0242206 0.000536633 0.909009 0.00867882 
87.5 -1.19083 0.0106836 -0.0493992 0.000750612 0.897617 0.00851774 -1.30777 0.0107557 -0.0343756 0.000786683 0.739712 0.0182576 -1.4209 0.0115166 -0.0256179 0.000754241 -0.670007 0.0291985 -1.51303 0.012563 -0.0188224 0.000666308 -0.806533 0.0121968 
92.5 -2.04011 0.0256958 -0.0169612 0.000930973 -0.985115 0.00721765 -2.18266 0.0292685 -0.00953421 0.000655778 -1.03312 0.0074156 -2.32364 0.0337406 -0.00608427 0.00049834 -1.06995 0.00807138 -2.45733 0.0389802 -0.00406946 0.000383888 -1.09917 0.00886383 
97.5 -6.52493 0.840631 -0.000208112 0.000117326 -1.50904 0.066371 -6.80215 0.834689 -9.95414e-05 6.86799e-05 -1.55514 0.0594791 -7.26996 0.854832 -4.71259e-05 3.93066e-05 -1.60741 0.0600535 -7.7801 0.997027 -2.24185e-05 2.08209e-05 -1.64192 0.0645258 
