0.5 0.100033 0.00128987 0.110197 0.00139327 0.122947 0.00158267 0.138667 0.00172153 
1.5 0.106711 0.00141259 0.111854 0.00140974 0.132586 0.0017829 0.148615 0.00200921 
2.5 0.122629 0.0015343 0.12082 0.00154197 0.13577 0.00173117 0.15654 0.00200183 
3.5 0.1353 0.00168923 0.125457 0.00162928 0.141833 0.00192434 0.167409 0.00209189 
4.5 0.152023 0.00173724 0.131303 0.0016348 0.152775 0.00190542 0.167751 0.00208529 
5.5 0.164694 0.0018122 0.137276 0.00166576 0.156051 0.00199445 0.17568 0.00214481 
6.5 0.182003 0.00195805 0.142546 0.00177368 0.165316 0.00200306 0.186603 0.00243475 
7.5 0.194037 0.00201561 0.146196 0.00188367 0.168802 0.00215493 0.193071 0.00245739 
8.5 0.204729 0.00202072 0.149908 0.00186664 0.179009 0.00228426 0.195165 0.0023656 
9.5 0.221542 0.00217548 0.15477 0.00198699 0.184744 0.00227082 0.202191 0.00257011 
10.5 0.233965 0.00219394 0.158667 0.00207247 0.190717 0.00240418 0.210861 0.00267638 
11.5 0.245676 0.00218661 0.162061 0.00203852 0.18963 0.00237499 0.217224 0.00263875 
12.5 0.257765 0.00219785 0.169788 0.0021616 0.205135 0.00254377 0.219313 0.00276062 
13.5 0.270477 0.00237298 0.170162 0.00215365 0.21447 0.00259993 0.226845 0.00273472 
14.5 0.278805 0.00240911 0.175378 0.0022367 0.223234 0.00266452 0.239101 0.00293546 
15.5 0.290234 0.00243837 0.178702 0.00225874 0.226634 0.00278981 0.241741 0.00293361 
16.5 0.304359 0.00245995 0.179858 0.00230897 0.236032 0.00279197 0.246352 0.00297037 
17.5 0.30825 0.00253112 0.187412 0.00234287 0.24275 0.00295175 0.259425 0.00323525 
18.5 0.320207 0.00255575 0.191799 0.00237019 0.244836 0.00277632 0.261413 0.00314184 
19.5 0.332268 0.00250265 0.196901 0.00246345 0.257261 0.00290261 0.262182 0.0032493 
20.5 0.342185 0.00258548 0.202112 0.00257792 0.26933 0.00300545 0.272526 0.00334823 
21.5 0.353122 0.00279223 0.205596 0.00257959 0.271846 0.0031282 0.277857 0.00332288 
22.5 0.357166 0.00274346 0.208329 0.00259993 0.286816 0.00315378 0.288406 0.00350777 
23.5 0.366132 0.00278509 0.220247 0.00283784 0.290098 0.00327837 0.301398 0.00354796 
24.5 0.381627 0.00279211 0.222637 0.00284753 0.297502 0.00339157 0.295332 0.00356015 
25.5 0.390447 0.00285155 0.223165 0.00280616 0.305505 0.00324968 0.310337 0.00367502 
26.5 0.400271 0.00292136 0.224577 0.00281556 0.316813 0.00339466 0.309034 0.00361448 
27.5 0.405068 0.00290656 0.235403 0.00292016 0.32564 0.00340063 0.314205 0.00369042 
28.5 0.41611 0.00298067 0.238272 0.00289691 0.334531 0.00360044 0.331414 0.00387564 
29.5 0.417152 0.0030164 0.250398 0.00302008 0.336683 0.00356679 0.328719 0.00393011 
30.5 0.419255 0.00304289 0.251015 0.00304125 0.345737 0.00355805 0.341239 0.00388737 
31.5 0.434762 0.00317951 0.255004 0.00309236 0.364228 0.00370339 0.343785 0.00387377 
32.5 0.443331 0.00324 0.26212 0.00313023 0.360084 0.00377601 0.353683 0.00395805 
33.5 0.452694 0.00323986 0.266249 0.00327663 0.370925 0.00377953 0.367882 0.0040918 
34.5 0.453397 0.00332889 0.270627 0.00333815 0.370032 0.00366808 0.36996 0.00419352 
35.5 0.463555 0.00341208 0.27957 0.00338911 0.388108 0.00383395 0.380402 0.00418716 
36.5 0.464345 0.00340403 0.286258 0.00356136 0.389798 0.00379353 0.381317 0.00431412 
37.5 0.477405 0.0035257 0.288111 0.00344393 0.397908 0.00402522 0.391535 0.00415757 
38.5 0.492736 0.00338459 0.29654 0.00363343 0.418468 0.00392432 0.402131 0.004418 
39.5 0.490914 0.00351971 0.30343 0.00358414 0.413594 0.00411455 0.404128 0.00442705 
40.5 0.496205 0.00363175 0.305242 0.0037765 0.421444 0.00398906 0.403315 0.00434164 
41.5 0.502085 0.00365357 0.317397 0.00374494 0.432177 0.00420196 0.419816 0.00448206 
42.5 0.507524 0.00356553 0.319358 0.00390297 0.440816 0.00416007 0.427334 0.00448081 
43.5 0.526918 0.00367105 0.328947 0.00382414 0.448531 0.00418658 0.438514 0.00453169 
44.5 0.526447 0.00378943 0.339747 0.0039634 0.462643 0.00429233 0.446823 0.00458175 
45.5 0.532838 0.00380887 0.342121 0.00398715 0.467238 0.00436185 0.44255 0.00453148 
46.5 0.539116 0.00394851 0.341949 0.00391221 0.475199 0.00437906 0.445775 0.00450839 
47.5 0.542457 0.00390398 0.351745 0.00391352 0.47812 0.00437859 0.46861 0.00466886 
48.5 0.550243 0.00389689 0.361362 0.00403366 0.482679 0.00443009 0.472762 0.00458904 
49.5 0.553945 0.00389685 0.369033 0.00425727 0.493845 0.00434253 0.482009 0.00478838 
50.5 0.563944 0.00401401 0.372532 0.00437519 0.498718 0.00442646 0.484412 0.00470789 
51.5 0.568726 0.00397823 0.376807 0.00422257 0.506638 0.00452057 0.488963 0.00478459 
52.5 0.578371 0.00405571 0.395196 0.00444256 0.508887 0.00451557 0.500725 0.00476174 
53.5 0.58277 0.00409694 0.4006 0.00431736 0.526674 0.00455593 0.508838 0.0047855 
54.5 0.587424 0.00418712 0.403052 0.00434712 0.523599 0.00467564 0.513143 0.00491295 
55.5 0.592384 0.00413526 0.413978 0.00440592 0.532093 0.00455686 0.520432 0.00483025 
56.5 0.604592 0.00411813 0.411857 0.00447614 0.54219 0.00462855 0.521352 0.00485399 
57.5 0.607803 0.00437987 0.424302 0.00455437 0.544786 0.00460335 0.530058 0.00486195 
58.5 0.611338 0.00447671 0.434907 0.00445223 0.550672 0.00465262 0.529975 0.00486401 
59.5 0.619818 0.00442123 0.434933 0.00458262 0.561018 0.00465624 0.541993 0.00485894 
60.5 0.636719 0.00440844 0.432132 0.00461849 0.571375 0.00469415 0.549353 0.00490876 
61.5 0.635851 0.00435828 0.446281 0.00460102 0.576261 0.00462532 0.552472 0.00495645 
62.5 0.647577 0.00435295 0.456967 0.00464518 0.593144 0.00472133 0.567572 0.00489859 
63.5 0.649349 0.00443081 0.459647 0.00476016 0.59096 0.0046619 0.55854 0.00501589 
64.5 0.652823 0.00452133 0.461547 0.00482817 0.5927 0.00491971 0.5683 0.00513088 
65.5 0.666742 0.00436944 0.472682 0.00479818 0.606437 0.00474967 0.585265 0.00485859 
66.5 0.670017 0.00445057 0.472528 0.00487764 0.610909 0.00482689 0.581557 0.00498434 
67.5 0.671552 0.00447745 0.487444 0.0049814 0.615332 0.00493241 0.590665 0.00503637 
68.5 0.677236 0.00441054 0.487019 0.00486393 0.618219 0.0048189 0.587029 0.00517972 
69.5 0.688394 0.00453653 0.488447 0.00508937 0.629245 0.00478543 0.579203 0.00526646 
70.5 0.698145 0.00450448 0.494285 0.00511361 0.640983 0.00482403 0.598211 0.00517524 
71.5 0.703428 0.00442564 0.496701 0.00510822 0.648833 0.00468285 0.603458 0.00520853 
72.5 0.697182 0.00467717 0.495337 0.00518788 0.637525 0.00506893 0.593297 0.00530787 
73.5 0.704839 0.00470963 0.50332 0.00526393 0.646187 0.00504967 0.594294 0.00545248 
74.5 0.701902 0.00476947 0.500307 0.00539614 0.647441 0.00508393 0.594546 0.005597 
75.5 0.705028 0.0048463 0.50727 0.00557969 0.649783 0.00528226 0.598701 0.00570569 
76.5 0.698658 0.00509642 0.512062 0.00557206 0.654209 0.00536867 0.597092 0.00589922 
77.5 0.694462 0.00514161 0.514873 0.00590437 0.653463 0.00560114 0.59722 0.00610728 
78.5 0.678614 0.00554243 0.487722 0.00602822 0.628785 0.00591174 0.565661 0.00636257 
79.5 0.674009 0.00564576 0.498739 0.00618406 0.636113 0.00591179 0.567382 0.00645771 
80.5 0.673134 0.00570159 0.49294 0.00628414 0.626556 0.00615807 0.562703 0.00661219 
81.5 0.672352 0.00581933 0.491208 0.00645541 0.625269 0.00627694 0.55303 0.00680266 
82.5 0.652978 0.00612039 0.48634 0.00660515 0.611963 0.00658993 0.549642 0.00704636 
83.5 0.641629 0.00637726 0.47317 0.00677715 0.593511 0.00683819 0.528619 0.00721196 
84.5 0.628891 0.00657128 0.460181 0.00680563 0.584781 0.00702023 0.517967 0.00726133 
85.5 0.641394 0.00663361 0.459818 0.00688208 0.590575 0.00699905 0.513128 0.00733838 
86.5 0.588236 0.00699919 0.428133 0.00717405 0.537012 0.00754343 0.473089 0.00775389 
87.5 0.573579 0.00731843 0.410466 0.00737334 0.519938 0.00784544 0.452231 0.00806168 
88.5 0.562261 0.00751419 0.403923 0.00749386 0.511439 0.00798133 0.44533 0.00817405 
89.5 0.542526 0.00766931 0.373169 0.00771378 0.48064 0.00824156 0.407304 0.0083976 
90.5 0.534183 0.00787704 0.358764 0.00766629 0.466903 0.00825843 0.389771 0.00830331 
91.5 0.494694 0.00822759 0.331283 0.00786405 0.429185 0.0087014 0.360482 0.00861626 
92.5 0.473502 0.00861361 0.316739 0.00811908 0.412128 0.00901914 0.344018 0.00896682 
93.5 0.446628 0.00869486 0.291439 0.00806148 0.380975 0.00911115 0.315747 0.00891508 
94.5 0.400313 0.00899547 0.258653 0.00822524 0.339172 0.00941475 0.279914 0.00914688 
95.5 0.368839 0.00938976 0.242746 0.00875475 0.312542 0.00968711 0.258667 0.00955641 
96.5 0.308063 0.00956891 0.191787 0.00868942 0.255526 0.00987665 0.205387 0.00955682 
97.5 0.236313 0.00955906 0.140998 0.00839596 0.186746 0.00985074 0.148503 0.00947361 
98.5 0.183027 0.00978827 0.102857 0.00775138 0.142283 0.0099741 0.110774 0.00910833 
99.5 0.12077 0.00896282 0.0577163 0.00738898 0.0838183 0.010492 0.0645268 0.00911058 
