0.5 526.439 61.5134 53.7787 22.4251 0.135695 
1.5 511.37 59.7513 52.1283 21.5147 0.120989 
2.5 499.158 58.5461 50.732 20.9131 0.0975936 
3.5 487.757 56.1932 49.494 20.6016 0.112299 
4.5 475.737 55.2259 48.2426 19.7587 0.102273 
5.5 465.721 53.7126 47.2092 19.2721 0.106283 
6.5 455.943 52.9225 46.4031 19.0595 0.0969251 
7.5 441.243 51.1972 44.6945 18.1745 0.0902406 
8.5 428.929 49.6197 43.0916 17.3483 0.0802139 
9.5 412.909 47.8556 41.6283 17.1658 0.0768717 
10.5 400.356 46.0802 40.4238 16.5013 0.0735294 
11.5 388.602 44.6631 39.1003 15.7066 0.0762032 
12.5 373.627 42.7279 37.7146 15.129 0.0695187 
13.5 358.814 41.2326 35.9231 14.494 0.0528075 
14.5 345.923 39.6283 34.9666 14.0889 0.0574866 
15.5 336.104 38.3155 33.4345 13.3295 0.0481283 
16.5 320.161 36.5963 32.1765 12.9205 0.0487968 
17.5 307.912 35.0394 30.8061 12.3717 0.046123 
18.5 294.17 33.3656 29.1123 11.746 0.0541444 
19.5 281.078 32.0033 28.1705 11.3697 0.0441176 
20.5 273.558 30.9024 27.2667 10.873 0.0494652 
21.5 264.184 29.9439 25.9459 10.4686 0.0387701 
22.5 247.293 28.0722 24.5053 9.90307 0.0287433 
23.5 241.838 27.2594 23.9178 9.61364 0.0387701 
24.5 231.193 26.2179 22.8309 9.10829 0.0320856 
25.5 220.244 24.6364 21.6043 8.69118 0.0294118 
26.5 212.89 23.8061 20.9492 8.25468 0.0180481 
27.5 205.864 23.623 20.2694 8.13235 0.0307487 
28.5 195.02 21.994 19.1858 7.58757 0.0213904 
29.5 185.58 20.7874 18.0147 7.22928 0.0233957 
30.5 179.832 20.1865 17.5314 6.99599 0.0207219 
31.5 173.002 19.4525 16.8576 6.64372 0.019385 
32.5 164.289 18.4726 16.0274 6.3496 0.0213904 
33.5 157.975 17.6818 15.2761 6.1377 0.0180481 
34.5 149.38 16.5755 14.4666 5.62099 0.0167112 
35.5 141.415 15.9699 13.6892 5.25334 0.0106952 
36.5 135.341 14.8202 13.2313 5.19118 0.00935829 
37.5 128.908 14.2219 12.373 4.87099 0.00935829 
38.5 125.108 13.7226 11.9566 4.74666 0.0147059 
39.5 118.73 13.1711 11.4372 4.33623 0.00868984 
40.5 112.616 12.4051 10.8576 4.12834 0.00935829 
41.5 106.351 11.5775 10.1985 3.85094 0.00868984 
42.5 102.479 11.2266 9.64372 3.65909 0.00601604 
43.5 96.5528 10.5976 9.2754 3.50201 0.00668449 
44.5 90.113 9.94853 8.60294 3.22259 0.00935829 
45.5 85.9947 9.40374 8.22059 3.125 0.0013369 
46.5 82.504 8.95388 7.74131 2.97861 0.00601604 
47.5 78.3309 8.54947 7.36832 2.86096 0.00668449 
48.5 73.1217 7.87299 6.94184 2.59626 0.0026738 
49.5 68.3924 7.35561 6.42045 2.44652 0.00534759 
50.5 64.5134 7.11898 6.04545 2.27406 0.0013369 
51.5 61.5501 6.77005 5.69652 2.14973 0.00200535 
52.5 57.8984 6.23396 5.44318 2.04144 0.0026738 
53.5 54.6711 5.88904 5.08222 1.84693 0.0026738 
54.5 50.5368 5.43917 4.70321 1.72259 0.0013369 
55.5 46.6638 5.01471 4.32687 1.59559 0.0013369 
56.5 44.2921 4.79144 4.11029 1.47861 0.0026738 
57.5 41.1691 4.45789 3.77941 1.35628 0.00200535 
58.5 38.375 4.05816 3.55816 1.29947 0.000668449 
59.5 36.2473 3.84893 3.28877 1.14906 0.000668449 
60.5 33.2092 3.48997 2.99933 1.09893 0.0013369 
61.5 31.4198 3.24332 2.83824 1.05749 0 
62.5 29.1571 3.04813 2.58021 0.938503 0.0013369 
63.5 27.1203 2.89706 2.44118 0.875 0.000668449 
64.5 25.3803 2.73396 2.29011 0.828877 0.000668449 
65.5 23.6136 2.5762 2.0996 0.723262 0 
66.5 21.6076 2.27005 1.95856 0.709893 0 
67.5 19.9017 2.05147 1.76404 0.661765 0 
68.5 18.4539 1.95321 1.68316 0.584225 0.000668449 
69.5 17.365 1.82821 1.55882 0.546791 0 
70.5 15.7099 1.63436 1.43449 0.489305 0 
71.5 14.6444 1.48329 1.32353 0.451203 0 
72.5 13.6584 1.39372 1.26203 0.405749 0 
73.5 12.4592 1.27206 1.07687 0.360963 0.000668449 
74.5 11.2386 1.15441 0.995989 0.331551 0 
75.5 10.3723 1.05548 0.860294 0.312166 0 
76.5 9.45722 1.02874 0.820856 0.286765 0 
77.5 8.48797 0.843583 0.746658 0.23262 0 
78.5 7.34291 0.808155 0.677139 0.213235 0 
79.5 6.83489 0.653743 0.633021 0.196524 0 
80.5 6.09358 0.593583 0.532754 0.166444 0 
81.5 5.30147 0.588235 0.453877 0.138369 0 
82.5 4.63035 0.495989 0.375668 0.140374 0 
83.5 4.05949 0.406417 0.351604 0.117647 0 
84.5 3.47059 0.345588 0.292781 0.0875668 0 
85.5 2.91778 0.284759 0.254011 0.0568182 0 
86.5 2.4111 0.21992 0.219251 0.065508 0 
87.5 2.01738 0.205214 0.155749 0.0494652 0 
88.5 1.5508 0.140374 0.153075 0.0414439 0 
89.5 1.13703 0.111631 0.102941 0.0300802 0 
90.5 0.822861 0.0889037 0.0467914 0.0300802 0 
91.5 0.544118 0.0581551 0.0407754 0.00868984 0 
92.5 0.32754 0.0307487 0.0307487 0.00334225 0 
93.5 0.157754 0.0180481 0.013369 0.00467914 0 
94.5 0.0675134 0.00601604 0.00467914 0.0026738 0 
95.5 0.0153743 0.0026738 0.000668449 0.000668449 0 
96.5 0.000668449 0 0.000668449 0.000668449 0 
97.5 0 0 0 0 0 
98.5 0 0 0 0 0 
99.5 0 0 0 0 0 
