0.005 0.382031 
0.015 1.33608e-05 
0.025 4.00823e-05 
0.035 7.34842e-05 
0.045 6.68038e-05 
0.055 0.000133608 
0.065 7.34842e-05 
0.075 7.34842e-05 
0.085 0.00016701 
0.095 0.00016701 
0.105 0.000160329 
0.115 0.000207092 
0.125 0.000267215 
0.135 0.000227133 
0.145 0.000267215 
0.155 0.000267215 
0.165 0.000300617 
0.175 0.000313978 
0.185 0.000280576 
0.195 0.000320658 
0.205 0.000380782 
0.215 0.000367421 
0.225 0.000380782 
0.235 0.0003407 
0.245 0.000467627 
0.255 0.000507709 
0.265 0.00051439 
0.275 0.00051439 
0.285 0.00052107 
0.295 0.000601235 
0.305 0.000541111 
0.315 0.000634636 
0.325 0.000634636 
0.335 0.000621276 
0.345 0.000541111 
0.355 0.00068808 
0.365 0.000641317 
0.375 0.000728162 
0.385 0.000681399 
0.395 0.000641317 
0.405 0.000734842 
0.415 0.00070144 
0.425 0.000815007 
0.435 0.000821687 
0.445 0.000835048 
0.455 0.000801646 
0.465 0.000895171 
0.475 0.00087513 
0.485 0.000941934 
0.495 0.000835048 
0.505 0.000788285 
0.515 0.0010221 
0.525 0.000828368 
0.535 0.000982016 
0.545 0.000888491 
0.555 0.000961975 
0.565 0.000955295 
0.575 0.00104882 
0.585 0.000961975 
0.595 0.000915213 
0.605 0.00110894 
0.615 0.000982016 
0.625 0.00106218 
0.635 0.00110226 
0.645 0.00108222 
0.655 0.00123587 
0.665 0.00114903 
0.675 0.00116907 
0.685 0.00116239 
0.695 0.000982016 
0.705 0.00124255 
0.715 0.00123587 
0.725 0.00106218 
0.735 0.00116239 
0.745 0.00116239 
0.755 0.00126927 
0.765 0.00119579 
0.775 0.00116239 
0.785 0.00132272 
0.795 0.00128931 
0.805 0.00138952 
0.815 0.00122919 
0.825 0.00120247 
0.835 0.00126927 
0.845 0.0013962 
0.855 0.00138284 
0.865 0.0014296 
0.875 0.00148973 
0.885 0.00134944 
0.895 0.00128931 
0.905 0.00138284 
0.915 0.00129599 
0.925 0.00160329 
0.935 0.00148973 
0.945 0.0014296 
0.955 0.00156989 
0.965 0.00152981 
0.975 0.00129599 
0.985 0.00130936 
0.995 0.00132272 
1.005 0.0014296 
1.015 0.00141624 
1.025 0.00149641 
1.035 0.0017703 
1.045 0.00145632 
1.055 0.00156989 
1.065 0.00152313 
1.075 0.00148305 
1.085 0.00130936 
1.095 0.00144964 
1.105 0.00140956 
1.115 0.00165005 
1.125 0.00158325 
1.135 0.00155653 
1.145 0.00154317 
1.155 0.00148973 
1.165 0.00151645 
1.175 0.00152981 
1.185 0.00152313 
1.195 0.00163669 
1.205 0.00158993 
1.215 0.00145632 
1.225 0.00148973 
1.235 0.00140956 
1.245 0.00175694 
1.255 0.00146968 
1.265 0.00167678 
1.275 0.00153649 
1.285 0.00165674 
1.295 0.00141624 
1.305 0.00172354 
1.315 0.00168346 
1.325 0.00159661 
1.335 0.0018037 
1.345 0.00163669 
1.355 0.00158993 
1.365 0.00165674 
1.375 0.00159661 
1.385 0.00156321 
1.395 0.00143628 
1.405 0.00165674 
1.415 0.00176362 
1.425 0.00163669 
1.435 0.00156321 
1.445 0.00165674 
1.455 0.00144964 
1.465 0.00156321 
1.475 0.00152313 
1.485 0.00183043 
1.495 0.00168346 
1.505 0.00156989 
1.515 0.0017035 
1.525 0.00169014 
1.535 0.00162333 
1.545 0.0018037 
1.555 0.00157657 
1.565 0.00174358 
1.575 0.00183043 
1.585 0.00163001 
1.595 0.00183043 
1.605 0.00143628 
1.615 0.00153649 
1.625 0.00176362 
1.635 0.00163001 
1.645 0.0017035 
1.655 0.00187719 
1.665 0.00184379 
1.675 0.00171686 
1.685 0.00175694 
1.695 0.00185715 
1.705 0.00163669 
1.715 0.00155653 
1.725 0.00166342 
1.735 0.00176362 
1.745 0.00165674 
1.755 0.00156989 
1.765 0.00162333 
1.775 0.00172354 
1.785 0.0017035 
1.795 0.001463 
1.805 0.00150309 
1.815 0.00164337 
1.825 0.00160329 
1.835 0.00165674 
1.845 0.00169014 
1.855 0.00154985 
1.865 0.00158993 
1.875 0.00165674 
1.885 0.00153649 
1.895 0.00169014 
1.905 0.00163669 
1.915 0.00174358 
1.925 0.00187719 
1.935 0.00171686 
1.945 0.00181038 
1.955 0.00169014 
1.965 0.00163001 
1.975 0.00165005 
1.985 0.00175026 
1.995 0.00161665 
2.005 0.00199075 
2.015 0.00167678 
2.025 0.00148305 
2.035 0.00158325 
2.045 0.00158993 
2.055 0.00159661 
2.065 0.00152981 
2.075 0.00167678 
2.085 0.00156989 
2.095 0.00152981 
2.105 0.00155653 
2.115 0.00160997 
2.125 0.0017369 
2.135 0.00165674 
2.145 0.00163669 
2.155 0.00140956 
2.165 0.00162333 
2.175 0.00161665 
2.185 0.00156321 
2.195 0.00167678 
2.205 0.00161665 
2.215 0.00160997 
2.225 0.00156989 
2.235 0.00187051 
2.245 0.00162333 
2.255 0.00162333 
2.265 0.00164337 
2.275 0.00150309 
2.285 0.00165674 
2.295 0.00161665 
2.305 0.00148305 
2.315 0.00178366 
2.325 0.00168346 
2.335 0.00164337 
2.345 0.00181706 
2.355 0.00167678 
2.365 0.00162333 
2.375 0.00163669 
2.385 0.00150977 
2.395 0.00148973 
2.405 0.00140956 
2.415 0.00149641 
2.425 0.00159661 
2.435 0.00169682 
2.445 0.00144296 
2.455 0.00158993 
2.465 0.00161665 
2.475 0.00157657 
2.485 0.0017703 
2.495 0.00172354 
2.505 0.00168346 
2.515 0.00155653 
2.525 0.00158325 
2.535 0.00158993 
2.545 0.0014296 
2.555 0.00176362 
2.565 0.00158325 
2.575 0.00163001 
2.585 0.00165005 
2.595 0.00138952 
2.605 0.00159661 
2.615 0.00151645 
2.625 0.00160997 
2.635 0.0014296 
2.645 0.00153649 
2.655 0.00160329 
2.665 0.00150977 
2.675 0.00149641 
2.685 0.00154317 
2.695 0.00146968 
2.705 0.00148973 
2.715 0.00158993 
2.725 0.00171018 
2.735 0.00163669 
2.745 0.00169014 
2.755 0.00146968 
2.765 0.00156321 
2.775 0.00159661 
2.785 0.00168346 
2.795 0.00141624 
2.805 0.00155653 
2.815 0.00158325 
2.825 0.00160329 
2.835 0.00153649 
2.845 0.00158325 
2.855 0.00149641 
2.865 0.00175694 
2.875 0.00143628 
2.885 0.00161665 
2.895 0.00152981 
2.905 0.00160329 
2.915 0.00150309 
2.925 0.0013628 
2.935 0.00152981 
2.945 0.00154317 
2.955 0.00141624 
2.965 0.00160329 
2.975 0.00151645 
2.985 0.00161665 
2.995 0.00138952 
3.005 0.001463 
3.015 0.00154985 
3.025 0.00144964 
3.035 0.00150977 
3.045 0.00138952 
3.055 0.00156321 
3.065 0.00159661 
3.075 0.0013628 
3.085 0.00153649 
3.095 0.00162333 
3.105 0.00145632 
3.115 0.00152313 
3.125 0.00160329 
3.135 0.00149641 
3.145 0.0017035 
3.155 0.00146968 
3.165 0.00150977 
3.175 0.00154317 
3.185 0.00156989 
3.195 0.00158325 
3.205 0.00155653 
3.215 0.00157657 
3.225 0.00149641 
3.235 0.00144296 
3.245 0.00175694 
3.255 0.00137616 
3.265 0.00134276 
3.275 0.00171686 
3.285 0.00158993 
3.295 0.00160997 
3.305 0.00147636 
3.315 0.00158325 
3.325 0.00141624 
3.335 0.00152981 
3.345 0.00146968 
3.355 0.00149641 
3.365 0.00158993 
3.375 0.00173022 
3.385 0.00156989 
3.395 0.00160997 
3.405 0.00155653 
3.415 0.00146968 
3.425 0.00153649 
3.435 0.00148305 
3.445 0.00166342 
3.455 0.00152981 
3.465 0.00152981 
3.475 0.00152313 
3.485 0.00165005 
3.495 0.00163669 
3.505 0.0017369 
3.515 0.00154317 
3.525 0.00155653 
3.535 0.00152313 
3.545 0.00171018 
3.555 0.00172354 
3.565 0.00159661 
3.575 0.00172354 
3.585 0.00182374 
3.595 0.00175026 
3.605 0.00181706 
3.615 0.00164337 
3.625 0.00166342 
3.635 0.00157657 
3.645 0.00169014 
3.655 0.00185047 
3.665 0.00195067 
3.675 0.00174358 
3.685 0.00188387 
3.695 0.00165674 
3.705 0.0017035 
3.715 0.00179702 
3.725 0.00165674 
3.735 0.00193063 
3.745 0.00179034 
3.755 0.00189723 
3.765 0.00165005 
3.775 0.00164337 
3.785 0.00184379 
3.795 0.00193063 
3.805 0.00187051 
3.815 0.00195735 
3.825 0.0017035 
3.835 0.00195067 
3.845 0.00188387 
3.855 0.00201748 
3.865 0.00190391 
3.875 0.00213772 
3.885 0.00203084 
3.895 0.0017703 
3.905 0.00193731 
3.915 0.00199075 
3.925 0.00202416 
3.935 0.00187719 
3.945 0.00231141 
3.955 0.00187051 
3.965 0.00195067 
3.975 0.00192395 
3.985 0.00217112 
3.995 0.00212436 
4.005 0.00219785 
4.015 0.00208428 
4.025 0.00225129 
4.035 0.00219785 
4.045 0.00213772 
4.055 0.0020108 
4.065 0.0020776 
4.075 0.00199075 
4.085 0.00212436 
4.095 0.00202416 
4.105 0.00197071 
4.115 0.0021444 
4.125 0.0021444 
4.135 0.00185715 
4.145 0.00176362 
4.155 0.00193063 
4.165 0.00186383 
4.175 0.00193731 
4.185 0.00137616 
4.195 0.00152981 
4.205 0.00129599 
4.215 0.00131604 
4.225 0.00121583 
4.235 0.00087513 
4.245 0.00070144 
4.255 0.000440905 
4.265 0.000334019 
4.275 0.000113567 
