0.5 -0.000481193 0.00024553 -1.93334e-05 1.02994e-05 0.000159808 0.000136069 5.06795e-08 4.32399e-06 0.000371296 0.000197736 -1.08463e-05 9.35058e-06 0.000615518 0.000256162 -9.37149e-06 1.52877e-05 
1.5 -0.000784291 0.00029877 -3.33514e-05 1.44745e-05 0.00010284 0.000145925 -5.38708e-06 5.49297e-06 -0.000608094 0.000302222 -2.03066e-05 1.5108e-05 0.000293488 0.00027063 -1.65241e-05 1.45115e-05 
2.5 -0.00028261 0.000270348 -2.58027e-05 1.20878e-05 -0.000231107 0.000169564 -1.15154e-05 5.95465e-06 -5.2338e-05 0.000244795 -3.18009e-05 1.23993e-05 0.000995312 0.000285451 8.64745e-06 1.73464e-05 
3.5 -0.000438341 0.000386972 -1.44056e-06 2.36632e-05 -0.000118082 0.000225261 3.58099e-06 1.01268e-05 -0.000491919 0.000337803 -2.23346e-05 1.55008e-05 -9.63021e-05 0.000331077 -2.43904e-05 1.90543e-05 
4.5 -0.000252324 0.000311718 -6.68756e-05 1.88335e-05 -3.16953e-06 0.000189655 -9.69543e-06 7.47397e-06 0.00015959 0.000315151 -2.82332e-05 1.69509e-05 0.000483438 0.00033987 -3.29942e-05 2.16732e-05 
5.5 0.000200197 0.000350379 -3.07085e-05 2.02748e-05 -0.000272727 0.000218164 -1.03004e-05 8.88318e-06 0.000189661 0.000314419 -2.79653e-05 1.84101e-05 0.000646441 0.000360689 -1.36697e-05 2.2105e-05 
6.5 0.000175806 0.00039157 -7.04787e-05 2.6017e-05 -0.000115147 0.000244006 -8.04607e-06 1.1266e-05 -0.000542254 0.000396781 -4.48173e-05 1.99844e-05 0.000654329 0.00041807 -4.39935e-05 2.91542e-05 
7.5 0.000742654 0.000438891 -2.70959e-05 3.17663e-05 -0.000349665 0.000251722 -1.41383e-05 1.17153e-05 -0.000217882 0.000412735 -4.19139e-05 2.3953e-05 0.00136173 0.00041433 3.0032e-06 3.05795e-05 
8.5 0.00107757 0.000472476 3.4751e-06 3.16441e-05 2.55068e-05 0.000266985 -6.02761e-06 1.1724e-05 0.000242222 0.000419375 -2.89066e-05 2.53975e-05 0.00124475 0.000404864 -2.35069e-05 2.89815e-05 
9.5 0.00238469 0.000506503 3.9661e-05 4.32072e-05 0.000225065 0.000294455 -6.20859e-06 1.45667e-05 0.0012158 0.00041612 -1.32731e-05 3.01129e-05 0.00193803 0.000457801 7.76126e-06 3.75588e-05 
10.5 0.00407347 0.000579848 0.000130898 6.05816e-05 1.91047e-05 0.000331115 -2.41612e-05 1.7386e-05 0.000495897 0.000470835 -8.41393e-05 3.31486e-05 0.00230513 0.000491635 1.94162e-05 4.35086e-05 
11.5 0.00435216 0.000651481 0.00016986 7.04278e-05 -0.000265113 0.000369111 -2.61279e-05 1.88708e-05 0.00161216 0.000537625 -4.93776e-05 4.67057e-05 0.0035384 0.000547431 0.000131252 5.21236e-05 
12.5 0.00561965 0.00066342 0.000363258 7.78341e-05 0.000697655 0.000345973 -2.18434e-05 2.13362e-05 0.00246206 0.000509836 4.38768e-05 4.77452e-05 0.00343733 0.000592385 8.27549e-05 6.0767e-05 
13.5 0.00806155 0.000827745 0.000597052 0.000113219 0.000432324 0.000468393 -2.75295e-05 2.92902e-05 0.00223817 0.000632747 -5.09625e-05 6.19685e-05 0.00468867 0.000660995 0.000248835 7.04938e-05 
14.5 0.0102438 0.000894672 0.000894949 0.00013717 0.000567073 0.000415141 -4.56776e-05 2.81079e-05 0.00321407 0.000678127 -9.89909e-06 7.22038e-05 0.00491587 0.000664326 0.000188305 7.72658e-05 
15.5 0.0136968 0.00101376 0.00146539 0.000176521 0.00108897 0.000554757 1.89565e-05 3.95837e-05 0.00349404 0.000742921 5.55608e-05 8.07707e-05 0.00587537 0.000769773 0.000313592 9.19618e-05 
16.5 0.0176138 0.00112311 0.00213341 0.000220476 0.00172285 0.000516904 9.20976e-06 4.14814e-05 0.00598817 0.00075303 0.000309564 9.39013e-05 0.00654396 0.000799416 0.000330391 0.000101775 
17.5 0.0195118 0.00134245 0.00244019 0.000278385 0.00186007 0.000494166 2.51794e-05 4.04262e-05 0.00751723 0.00089955 0.000333465 0.000122884 0.00785341 0.000840746 0.000519245 0.000115204 
18.5 0.0225426 0.00136741 0.0030828 0.000303456 0.00251723 0.000559431 6.23542e-06 5.29734e-05 0.00869331 0.000888325 0.000599835 0.000128526 0.00865373 0.000937006 0.0004732 0.000135044 
19.5 0.0251472 0.00154552 0.00360122 0.000363453 0.00224028 0.000708895 -0.000125091 7.15644e-05 0.00965344 0.00100005 0.00068181 0.000151003 0.0111283 0.00104481 0.000878571 0.000168467 
20.5 0.0271181 0.00160244 0.00406523 0.000391115 0.00410858 0.000731195 0.000135809 8.11763e-05 0.0116533 0.00111419 0.000918415 0.000183632 0.0101319 0.00105871 0.00065462 0.00016441 
21.5 0.0301196 0.00177213 0.00480168 0.000455349 0.00497756 0.000814914 0.000137677 9.74708e-05 0.0132936 0.00122257 0.00118448 0.00021445 0.0155481 0.00123636 0.00161212 0.000230358 
22.5 0.0392259 0.00209905 0.00724579 0.000618477 0.00735986 0.000926493 0.000379215 0.000125742 0.0152209 0.00133254 0.00144945 0.000246715 0.0146377 0.00135826 0.00120259 0.000247872 
23.5 0.0394578 0.00208206 0.00728479 0.000616207 0.00655862 0.000845755 0.000333374 0.000108263 0.0173778 0.00142564 0.00176525 0.000281323 0.0171526 0.00129153 0.0018363 0.000251604 
24.5 0.0438918 0.00227497 0.00856502 0.000707574 0.00879635 0.0010531 0.000583605 0.000157541 0.0225291 0.00160028 0.00286756 0.000359022 0.0185497 0.00143842 0.00205018 0.000293407 
25.5 0.0444403 0.00237242 0.00868671 0.000740754 0.00877565 0.00114847 0.00043885 0.000175099 0.0214661 0.00158279 0.00263276 0.000345182 0.0200783 0.00151516 0.00236487 0.000320835 
26.5 0.0493152 0.00269378 0.00992327 0.000889914 0.0119125 0.00129434 0.000815375 0.000220652 0.0273092 0.00185215 0.00379606 0.000456566 0.022701 0.00165111 0.00275071 0.000368518 
27.5 0.0541965 0.00278469 0.0115741 0.000964176 0.0120827 0.00126164 0.000868579 0.000216752 0.0261486 0.0017773 0.00361732 0.000423096 0.0225376 0.0016441 0.00278546 0.000369041 
28.5 0.0525451 0.00278068 0.0110721 0.000945497 0.0133896 0.00146081 0.000863614 0.000262642 0.0282574 0.00195451 0.00394988 0.000487262 0.0249149 0.00170736 0.00331403 0.000401179 
29.5 0.0615702 0.0030866 0.0141209 0.0011376 0.0204622 0.001699 0.00226311 0.000364429 0.0303762 0.00211292 0.00433476 0.000546218 0.0299495 0.00190292 0.00444781 0.000488729 
30.5 0.0675056 0.00332421 0.0162314 0.00128651 0.0217588 0.00187309 0.00239609 0.000416238 0.0353297 0.00229466 0.00563397 0.000642327 0.0308926 0.00210228 0.00446818 0.000547609 
31.5 0.0628996 0.00330169 0.0143606 0.00124298 0.0225522 0.00191046 0.00250333 0.000431223 0.0344662 0.00231524 0.00529419 0.000639703 0.0274102 0.00193027 0.00368409 0.000477282 
32.5 0.0771212 0.00373346 0.0197338 0.00155259 0.0267586 0.00200146 0.00351179 0.00048804 0.0351294 0.00230986 0.00552809 0.000645269 0.0309925 0.00201197 0.00462884 0.000527077 
33.5 0.0748757 0.00366915 0.0188685 0.0015025 0.0311019 0.00217905 0.0045837 0.00057113 0.0365389 0.00232139 0.00598715 0.000660779 0.0286989 0.00200086 0.00399613 0.000505174 
34.5 0.0809876 0.00417774 0.0208076 0.00178552 0.0295723 0.00225881 0.00395378 0.000580938 0.0373539 0.00238352 0.00612189 0.000682333 0.0311203 0.00201411 0.00464301 0.000529649 
35.5 0.0896649 0.00426141 0.0247804 0.0019187 0.0358969 0.00260565 0.00539556 0.000737477 0.0413371 0.00254657 0.00723719 0.000770624 0.0316519 0.00212944 0.00467639 0.000565512 
36.5 0.0895111 0.00460821 0.0241566 0.00206891 0.0372899 0.0027749 0.0055756 0.000804366 0.0387886 0.00265271 0.00620154 0.000783166 0.0275369 0.00211439 0.00343754 0.000526389 
37.5 0.0752867 0.00439255 0.0178707 0.00181641 0.0350146 0.00270053 0.00493721 0.000759156 0.0328229 0.00252506 0.00446997 0.000690343 0.024056 0.00201202 0.00262242 0.000473274 
38.5 0.0774885 0.00453898 0.0185659 0.00190496 0.0344427 0.0026991 0.00474814 0.00075493 0.0330837 0.00255195 0.00448455 0.000702336 0.0192882 0.00187833 0.00157996 0.000400393 
39.5 0.0781907 0.0048052 0.0183777 0.0020364 0.0361616 0.00300223 0.00475433 0.000869972 0.0321025 0.00269368 0.00389157 0.000735761 0.0177782 0.00190762 0.0010944 0.000395538 
40.5 0.0818492 0.00514059 0.0193801 0.00223022 0.0371613 0.00323618 0.00461066 0.000953603 0.0310317 0.00267108 0.0035972 0.000716833 0.0167307 0.00193143 0.000783431 0.000393984 
41.5 0.0724555 0.00501877 0.0152039 0.00206423 0.0301961 0.00305358 0.00258373 0.000822007 0.0233439 0.00251115 0.00153577 0.000600968 0.0107418 0.00172831 -0.0003049 0.000305112 
42.5 0.0693369 0.00528644 0.0130921 0.00213737 0.03272 0.00318094 0.00313796 0.000889099 0.0214677 0.00251405 0.000927378 0.000580759 0.00899055 0.00172771 -0.00074384 0.000289857 
43.5 0.0553483 0.00541834 0.00637367 0.00198173 0.0213797 0.00308994 -0.000372489 0.000737682 0.0182255 0.00257132 -0.000111621 0.000567653 0.00549617 0.00168263 -0.00138205 0.00025897 
44.5 0.0319151 0.00470206 -0.00126777 0.00136996 0.00930944 0.00265339 -0.00281142 0.000508574 0.00332944 0.00198995 -0.00263827 0.000309811 -0.00275498 0.0012847 -0.00205147 0.000165857 
45.5 0.0307953 0.00500269 -0.00274363 0.00144999 0.0103904 0.00290667 -0.00324109 0.000577957 0.000353833 0.0020193 -0.00344687 0.000297552 -0.00447763 0.00132282 -0.00253547 0.000169742 
46.5 0.0203062 0.00448352 -0.0049885 0.0011351 1.01685e-05 0.00250326 -0.00491948 0.000404356 -0.00544269 0.00171603 -0.00376805 0.000240202 -0.00953307 0.00110563 -0.00246291 0.000174809 
47.5 0.00659843 0.00407607 -0.00847903 0.000830965 -0.00613362 0.00231646 -0.00590854 0.000348665 -0.00820642 0.00157427 -0.00391629 0.000230517 -0.0102749 0.00103573 -0.0025291 0.000166788 
48.5 -0.0106413 0.00365887 -0.0125653 0.000595934 -0.0185375 0.00193056 -0.00721793 0.000389281 -0.0167801 0.0013098 -0.00430138 0.000281015 -0.0154597 0.00093734 -0.00209744 0.000195283 
49.5 -0.0222838 0.00284049 -0.0122714 0.000539263 -0.0207848 0.00161226 -0.00629242 0.000373331 -0.0194259 0.00107736 -0.00352382 0.00028246 -0.0161131 0.000849217 -0.00178525 0.00018615 
50.5 -0.0300786 0.00242787 -0.0121963 0.000630694 -0.0260474 0.00145166 -0.00609795 0.000445644 -0.0232386 0.00105004 -0.00317624 0.000324699 -0.0188677 0.000906589 -0.00156827 0.000210054 
51.5 -0.0392434 0.00173348 -0.0107713 0.000745748 -0.0284518 0.00115144 -0.00459824 0.000429004 -0.022044 0.000959232 -0.00215517 0.000265999 -0.0163954 0.000866964 -0.000776301 0.000147732 
52.5 -0.0426968 0.00148007 -0.00875035 0.000787128 -0.0294706 0.00118001 -0.00307279 0.000402534 -0.0217028 0.00101632 -0.00132815 0.000231179 -0.0156026 0.000882712 -0.000452845 0.000124736 
53.5 -0.044427 0.00138609 -0.00703308 0.00077291 -0.0303655 0.0011977 -0.0026448 0.000395786 -0.0218574 0.00109164 -0.000907133 0.000213512 -0.0154987 0.000975797 -0.000158692 0.000111318 
54.5 -0.0454548 0.00161025 -0.00406326 0.00070067 -0.0296799 0.00142681 -0.00103795 0.000321526 -0.0204454 0.00122931 -0.000111137 0.000161717 -0.0139462 0.00105021 0.00024209 9.03822e-05 
55.5 -0.0435959 0.00182411 -0.00176509 0.000572563 -0.0267521 0.0015437 9.49553e-05 0.000225523 -0.0170669 0.00124063 0.000447002 0.000103043 -0.0112164 0.00101862 0.000480791 7.04089e-05 
56.5 -0.0388393 0.00195043 -0.000262913 0.000419617 -0.0222632 0.00151593 0.000563087 0.000153491 -0.0136284 0.00116346 0.000576803 8.42312e-05 -0.00862337 0.000895092 0.000445911 6.60844e-05 
57.5 -0.0329694 0.00230139 0.001556 0.000228406 -0.0205737 0.00176894 0.00131094 0.000126256 -0.0134979 0.0013602 0.000943884 0.000105702 -0.00938058 0.00105584 0.000652348 8.75896e-05 
58.5 -0.0310836 0.00225686 0.00174721 0.000194922 -0.0188159 0.0016312 0.0012038 0.00011312 -0.0110751 0.00118276 0.000767225 9.92275e-05 -0.00670842 0.000861184 0.000467604 8.3917e-05 
59.5 -0.0279474 0.00222308 0.00197814 0.000156614 -0.015458 0.00150343 0.00114745 0.00011308 -0.00879226 0.00103604 0.00065537 8.65713e-05 -0.00531092 0.000718636 0.000374946 6.07065e-05 
60.5 -0.0221163 0.00215214 0.00207661 0.000162791 -0.0121189 0.00142053 0.00110048 0.000129312 -0.00691606 0.000951088 0.000584574 9.16448e-05 -0.00403003 0.000644783 0.000312714 6.21233e-05 
61.5 -0.015774 0.00200897 0.00191569 0.000222651 -0.00879761 0.00134149 0.000994135 0.000161993 -0.00499991 0.000919491 0.000530185 0.000113536 -0.00306663 0.000640768 0.000293013 7.53097e-05 
62.5 -0.0126021 0.00178326 0.00159215 0.000217478 -0.00629182 0.00109336 0.000707944 0.000139063 -0.00332213 0.000688455 0.000326775 8.4065e-05 -0.00182649 0.000439649 0.000154853 4.90434e-05 
63.5 -0.012564 0.00196029 0.00181248 0.000277524 -0.0073682 0.00140474 0.0010199 0.000207972 -0.00456082 0.0010135 0.000590594 0.000144033 -0.00292146 0.000723147 0.000340356 9.46494e-05 
64.5 -0.00737788 0.00146185 0.0010728 0.000231003 -0.00403295 0.000975826 0.000532549 0.000150266 -0.00242411 0.000687529 0.000297261 9.76202e-05 -0.00132846 0.000444097 0.00014167 5.828e-05 
65.5 -0.00745724 0.00144993 0.00108474 0.000214997 -0.00425094 0.000917451 0.000517784 0.000123234 -0.00221096 0.000563863 0.000228884 6.88847e-05 -0.00121689 0.000342589 0.000102703 3.6043e-05 
66.5 -0.00578997 0.00132436 0.000889926 0.000215885 -0.00321729 0.000845664 0.000425666 0.000121881 -0.00179419 0.000515394 0.000195026 6.17845e-05 -0.000997055 0.000297229 8.39364e-05 2.8495e-05 
67.5 -0.00361805 0.00102516 0.000555066 0.000171883 -0.00209127 0.000660734 0.00026923 9.91517e-05 -0.00122394 0.000471435 0.000144797 7.09501e-05 -0.00080102 0.000376846 9.17185e-05 5.95953e-05 
68.5 -0.00225471 0.000812684 0.000351187 0.000139132 -0.00100714 0.00042019 0.000120897 5.7962e-05 -0.000420653 0.000198472 3.63875e-05 2.07145e-05 -0.000163061 8.61156e-05 9.80058e-06 6.2413e-06 
69.5 -0.000741366 0.000515907 0.000129571 0.000103203 -0.000389465 0.00033666 6.14232e-05 5.8746e-05 -0.000221 0.000210868 2.96307e-05 2.93917e-05 -0.000131703 0.000123414 1.33237e-05 1.31446e-05 
70.5 -0.000533337 0.000283116 5.90578e-05 3.75957e-05 -0.000142206 8.81164e-05 9.69734e-06 6.7828e-06 -7.47199e-05 4.0273e-05 3.18183e-06 2.00204e-06 -0.000140916 0.000120121 1.30951e-05 1.25081e-05 
71.5 -0.00153937 0.00062906 0.000226611 0.000101832 -0.000622936 0.000304219 6.99556e-05 3.73168e-05 -0.000260243 0.000145093 2.15742e-05 1.34273e-05 -0.000115466 7.54402e-05 7.38412e-06 5.66555e-06 
72.5 -0.00108772 0.000549099 0.000169799 8.99915e-05 -0.000476462 0.00025352 5.1895e-05 2.90763e-05 -0.000184073 0.000102222 1.29635e-05 7.76699e-06 -6.42758e-05 3.77686e-05 2.80076e-06 1.86453e-06 
73.5 0 0 0 0 0 0 0 0 0 0 0 0 0 0 0 0 
74.5 -5.4614e-06 5.4614e-06 1.22752e-07 1.22752e-07 -3.8265e-07 3.82649e-07 2.27654e-09 2.27653e-09 -1.98992e-08 1.98992e-08 2.69978e-11 2.69977e-11 -6.14047e-09 6.14046e-09 4.6278e-12 4.62779e-12 
75.5 -0.000359404 0.000358864 6.53816e-05 6.53775e-05 -0.000180446 0.000177644 2.28057e-05 2.27601e-05 -7.39418e-05 7.16438e-05 5.859e-06 5.82474e-06 -2.46748e-05 2.43794e-05 1.15884e-06 1.15727e-06 
76.5 0 0 0 0 0 0 0 0 0 0 0 0 0 0 0 0 
77.5 0 0 0 0 0 0 0 0 0 0 0 0 0 0 0 0 
78.5 0 0 0 0 0 0 0 0 0 0 0 0 0 0 0 0 
79.5 0 0 0 0 0 0 0 0 0 0 0 0 0 0 0 0 
80.5 0 0 0 0 0 0 0 0 0 0 0 0 0 0 0 0 
81.5 0 0 0 0 0 0 0 0 0 0 0 0 0 0 0 0 
82.5 0 0 0 0 0 0 0 0 0 0 0 0 0 0 0 0 
83.5 0 0 0 0 0 0 0 0 0 0 0 0 0 0 0 0 
84.5 0 0 0 0 0 0 0 0 0 0 0 0 0 0 0 0 
85.5 0 0 0 0 0 0 0 0 0 0 0 0 0 0 0 0 
86.5 0 0 0 0 0 0 0 0 0 0 0 0 0 0 0 0 
87.5 0 0 0 0 0 0 0 0 0 0 0 0 0 0 0 0 
88.5 0 0 0 0 0 0 0 0 0 0 0 0 0 0 0 0 
89.5 0 0 0 0 0 0 0 0 0 0 0 0 0 0 0 0 
90.5 0 0 0 0 0 0 0 0 0 0 0 0 0 0 0 0 
91.5 0 0 0 0 0 0 0 0 0 0 0 0 0 0 0 0 
92.5 0 0 0 0 0 0 0 0 0 0 0 0 0 0 0 0 
93.5 0 0 0 0 0 0 0 0 0 0 0 0 0 0 0 0 
94.5 0 0 0 0 0 0 0 0 0 0 0 0 0 0 0 0 
95.5 0 0 0 0 0 0 0 0 0 0 0 0 0 0 0 0 
96.5 0 0 0 0 0 0 0 0 0 0 0 0 0 0 0 0 
97.5 0 0 0 0 0 0 0 0 0 0 0 0 0 0 0 0 
98.5 0 0 0 0 0 0 0 0 0 0 0 0 0 0 0 0 
99.5 0 0 0 0 0 0 0 0 0 0 0 0 0 0 0 0 
