0.5 0.412199 0.00491875 0.433253 0.00494227 0.464506 0.00496771 0.482514 0.00475364 
1.5 0.438055 0.0051393 0.452632 0.00502222 0.480083 0.00509595 0.498034 0.00484192 
2.5 0.443762 0.00517203 0.452658 0.0050501 0.487815 0.00493862 0.500241 0.00490478 
3.5 0.459434 0.00534586 0.466004 0.00525178 0.495716 0.00499701 0.509884 0.00497836 
4.5 0.466577 0.00526317 0.476306 0.00500388 0.506704 0.00501838 0.522246 0.00488273 
5.5 0.473582 0.0052706 0.48295 0.00515683 0.50086 0.00495974 0.522028 0.00487059 
6.5 0.489482 0.00539575 0.489222 0.00521781 0.520838 0.00512532 0.526598 0.00490586 
7.5 0.506755 0.0055847 0.505466 0.00528688 0.528946 0.00509868 0.543155 0.00489879 
8.5 0.50361 0.00529046 0.505677 0.00530579 0.532459 0.00519949 0.536422 0.00495801 
9.5 0.520277 0.00546056 0.52272 0.00540668 0.54712 0.00502209 0.55365 0.00489296 
10.5 0.537131 0.00547461 0.540307 0.00528644 0.547448 0.00507412 0.555853 0.004768 
11.5 0.549102 0.00554481 0.548292 0.00530466 0.558425 0.0050162 0.559423 0.00479539 
12.5 0.564882 0.00542974 0.558461 0.00539097 0.562585 0.00513338 0.572403 0.00480068 
13.5 0.590933 0.00554797 0.576054 0.00536345 0.580453 0.00514194 0.58261 0.00466765 
14.5 0.587584 0.00550217 0.581492 0.00526039 0.579176 0.00514062 0.579085 0.00473055 
15.5 0.602328 0.00563202 0.583259 0.0053901 0.587853 0.00510632 0.581589 0.00483394 
16.5 0.606769 0.00550502 0.589131 0.00532597 0.585816 0.00492268 0.577104 0.00471473 
17.5 0.632046 0.00549879 0.601001 0.00531244 0.606079 0.00497529 0.58901 0.00473558 
18.5 0.646001 0.00558495 0.612914 0.0054169 0.615012 0.00495722 0.59306 0.00482407 
19.5 0.644118 0.00554403 0.615129 0.00537407 0.600991 0.00515351 0.584465 0.00493192 
20.5 0.658409 0.00545634 0.624439 0.00526484 0.611745 0.00499824 0.590363 0.00482802 
21.5 0.671489 0.00548272 0.635034 0.0052401 0.614738 0.00499249 0.59136 0.00477008 
22.5 0.67684 0.00560534 0.638306 0.00545151 0.618192 0.00516085 0.587218 0.00503075 
23.5 0.682236 0.0055692 0.639095 0.0054981 0.613 0.00528344 0.578885 0.00520598 
24.5 0.681835 0.00569898 0.63901 0.00554047 0.612038 0.00534167 0.578842 0.00522084 
25.5 0.671364 0.00592036 0.627704 0.0056959 0.597937 0.0054586 0.556204 0.00537768 
26.5 0.682314 0.00590543 0.642334 0.00553291 0.604904 0.0052873 0.559242 0.00526546 
27.5 0.67169 0.00608768 0.623183 0.00587298 0.590097 0.00566971 0.543376 0.00561954 
28.5 0.662477 0.00624561 0.611759 0.0060587 0.577759 0.00582697 0.532338 0.00579881 
29.5 0.666457 0.00653348 0.604312 0.00643131 0.567611 0.00618675 0.518739 0.00598991 
30.5 0.65613 0.00658222 0.589681 0.00633991 0.550994 0.00607441 0.498881 0.00593953 
31.5 0.637328 0.0066651 0.582506 0.00640724 0.534868 0.00630837 0.49047 0.00614083 
32.5 0.638076 0.00696195 0.575688 0.00673287 0.529273 0.00649011 0.47691 0.00629648 
33.5 0.612656 0.00731014 0.550426 0.00704598 0.50478 0.00678214 0.458128 0.00651476 
34.5 0.591431 0.00751754 0.533143 0.0071453 0.479902 0.00692674 0.432588 0.00664563 
35.5 0.57215 0.00785778 0.506085 0.00745976 0.460589 0.00712316 0.411628 0.00680531 
36.5 0.549117 0.0081396 0.494035 0.0077221 0.442929 0.00732248 0.395797 0.00699673 
37.5 0.528953 0.00831305 0.469241 0.00783929 0.414765 0.00743911 0.368885 0.00701511 
38.5 0.519026 0.00850768 0.457706 0.0079648 0.406114 0.00759968 0.359846 0.00723839 
39.5 0.474382 0.00872487 0.414983 0.00816408 0.367146 0.00764941 0.323144 0.00724014 
40.5 0.454139 0.00892045 0.392763 0.0082673 0.343546 0.00771174 0.301675 0.00722571 
41.5 0.426485 0.00916542 0.372038 0.00847093 0.325399 0.0078663 0.285377 0.00734564 
42.5 0.397757 0.00949284 0.349258 0.00880201 0.307509 0.0082213 0.271271 0.00773709 
43.5 0.376283 0.00953178 0.327787 0.00880949 0.285274 0.00823601 0.248463 0.0076136 
44.5 0.348715 0.00980071 0.304137 0.00911717 0.264632 0.00845368 0.233431 0.00789034 
45.5 0.304231 0.0098337 0.258418 0.00899391 0.221143 0.00826496 0.188938 0.00764985 
46.5 0.300781 0.00990044 0.259037 0.00906394 0.222985 0.00836065 0.19431 0.00785667 
47.5 0.284079 0.00989177 0.24108 0.00900526 0.208151 0.00827921 0.179443 0.00758392 
48.5 0.252749 0.010092 0.212738 0.00923068 0.178842 0.0084866 0.153949 0.00780518 
49.5 0.205003 0.0103859 0.175946 0.00924488 0.148132 0.00835506 0.125242 0.00762504 
50.5 0.201325 0.0102113 0.168446 0.0092523 0.143411 0.00843535 0.122903 0.00796105 
51.5 0.194105 0.0104725 0.166788 0.00935991 0.14415 0.00858332 0.122549 0.00787726 
52.5 0.163406 0.0104446 0.139084 0.00955928 0.118506 0.00891255 0.102149 0.00832322 
53.5 0.147892 0.0106443 0.124142 0.00960059 0.103523 0.00892603 0.0884769 0.00839333 
54.5 0.125046 0.0101743 0.102412 0.00908718 0.0860126 0.00831094 0.0725862 0.00766365 
55.5 0.109002 0.00994927 0.0881877 0.00881758 0.0715805 0.0080233 0.0599522 0.00748815 
56.5 0.0955361 0.0101896 0.078066 0.00902783 0.0647926 0.00792059 0.054523 0.00716894 
57.5 0.0743558 0.0103581 0.0587599 0.00926534 0.0479073 0.00813314 0.0385672 0.00728857 
58.5 0.0536584 0.00973672 0.0410164 0.00807333 0.0320239 0.00706809 0.0261844 0.00666274 
59.5 0.0581678 0.00970775 0.0490957 0.00868921 0.0433056 0.00819254 0.0381496 0.00786555 
60.5 0.0550402 0.00973575 0.0447059 0.0084637 0.0371232 0.00742701 0.0314345 0.00656358 
61.5 0.034786 0.0111043 0.0284644 0.0115071 0.0229331 0.0129607 0.0199955 0.012281 
62.5 0.0353418 0.011056 0.0268553 0.0100501 0.021111 0.00847189 0.0165134 0.0068111 
63.5 0.0207447 0.0186375 0.0172166 0.0121915 0.012566 0.0108982 0.00934233 0.00687727 
64.5 0.0249166 0.0138364 0.0191243 0.0159538 0.0153587 0.0145076 0.0119902 0.0115951 
65.5 0.025588 0.0109056 0.0218721 0.0126128 0.0200008 0.0156791 0.0183374 0.0167011 
66.5 0 0 0 0 0 0 0 0 
67.5 0.00814275 0.00814071 0.00404021 0.00403919 0.00276456 0.00276387 0.00168616 0.00168573 
68.5 0 0 0 0 0 0 0 0 
69.5 0.0208734 0.0208681 0.0164079 0.0164038 0.0119807 0.0119777 0.00820334 0.00820128 
70.5 0 0 0 0 0 0 0 0 
71.5 0 0 0 0 0 0 0 0 
72.5 0 0 0 0 0 0 0 0 
73.5 0 0 0 0 0 0 0 0 
74.5 0 0 0 0 0 0 0 0 
75.5 0 0 0 0 0 0 0 0 
76.5 0 0 0 0 0 0 0 0 
77.5 0 0 0 0 0 0 0 0 
78.5 0 0 0 0 0 0 0 0 
79.5 0 0 0 0 0 0 0 0 
80.5 0 0 0 0 0 0 0 0 
81.5 0 0 0 0 0 0 0 0 
82.5 0 0 0 0 0 0 0 0 
83.5 0 0 0 0 0 0 0 0 
84.5 0 0 0 0 0 0 0 0 
85.5 0 0 0 0 0 0 0 0 
86.5 0 0 0 0 0 0 0 0 
87.5 0 0 0 0 0 0 0 0 
88.5 0 0 0 0 0 0 0 0 
89.5 0 0 0 0 0 0 0 0 
90.5 0 0 0 0 0 0 0 0 
91.5 0 0 0 0 0 0 0 0 
92.5 0 0 0 0 0 0 0 0 
93.5 0 0 0 0 0 0 0 0 
94.5 0 0 0 0 0 0 0 0 
95.5 0 0 0 0 0 0 0 0 
96.5 0 0 0 0 0 0 0 0 
97.5 0 0 0 0 0 0 0 0 
98.5 0 0 0 0 0 0 0 0 
99.5 0 0 0 0 0 0 0 0 
