0.5 0.267224 0.00369619 0.242471 0.00323375 0.277771 0.00355634 0.291041 0.00369573 
1.5 0.274202 0.00385012 0.250112 0.00321117 0.278631 0.00355658 0.293271 0.00359514 
2.5 0.281263 0.00369957 0.246249 0.00315572 0.286721 0.00366678 0.3021 0.00366559 
3.5 0.287959 0.00367782 0.257924 0.00342125 0.292174 0.00369455 0.301832 0.00376635 
4.5 0.303687 0.0038994 0.263373 0.00343613 0.300634 0.00378034 0.311697 0.00389333 
5.5 0.312063 0.00396023 0.270548 0.00353979 0.295654 0.00381859 0.321137 0.00408694 
6.5 0.319202 0.00409208 0.275703 0.00359516 0.307609 0.00398987 0.326394 0.00399845 
7.5 0.326085 0.00400821 0.277223 0.00355394 0.307533 0.0038339 0.327669 0.00400629 
8.5 0.333011 0.00418082 0.276739 0.00351724 0.320179 0.00393398 0.332568 0.00402509 
9.5 0.347962 0.00418384 0.290833 0.0038038 0.329898 0.0040454 0.342403 0.00395245 
10.5 0.374523 0.00442759 0.301801 0.00388616 0.34263 0.00434616 0.348845 0.00431347 
11.5 0.376933 0.00436779 0.299877 0.00385894 0.350161 0.00423799 0.359198 0.00420823 
12.5 0.381791 0.00425891 0.315626 0.0040345 0.361142 0.00432654 0.367456 0.00423161 
13.5 0.404122 0.00436795 0.317677 0.00396398 0.371943 0.00440907 0.37488 0.00429236 
14.5 0.412538 0.00434089 0.330436 0.00408451 0.379294 0.00434201 0.378325 0.00432422 
15.5 0.425672 0.00418473 0.339428 0.00417338 0.38574 0.00441776 0.394258 0.00440418 
16.5 0.447929 0.00428436 0.352831 0.00408795 0.406944 0.00441624 0.408136 0.00441204 
17.5 0.457462 0.00435442 0.359119 0.00431553 0.420419 0.00444013 0.412921 0.00438701 
18.5 0.469237 0.00410452 0.366211 0.00441961 0.420099 0.00444575 0.420559 0.0044529 
19.5 0.475067 0.0043289 0.376895 0.00439765 0.430829 0.00449743 0.427469 0.00443245 
20.5 0.47709 0.00449146 0.387705 0.00445892 0.42762 0.00453338 0.426446 0.00446224 
21.5 0.493799 0.00435377 0.401656 0.00461311 0.442461 0.0045615 0.442086 0.00446335 
22.5 0.515667 0.00439455 0.413017 0.00467997 0.462146 0.0046176 0.457551 0.00447556 
23.5 0.510999 0.00440392 0.406959 0.00459029 0.461222 0.00455539 0.450446 0.00448638 
24.5 0.530077 0.00448987 0.42896 0.00468987 0.478344 0.00468262 0.469175 0.00446893 
25.5 0.528933 0.00456142 0.446216 0.00485753 0.474285 0.0046864 0.467938 0.0046076 
26.5 0.549604 0.00461863 0.452502 0.00476793 0.493218 0.00460829 0.478774 0.00444448 
27.5 0.545578 0.00455252 0.445473 0.0048469 0.497352 0.00474202 0.475164 0.00456388 
28.5 0.559852 0.00466001 0.476077 0.00481168 0.500264 0.00464778 0.485984 0.00456984 
29.5 0.572716 0.00469765 0.485365 0.00494138 0.515303 0.00471584 0.496629 0.0045832 
30.5 0.577595 0.00461577 0.490555 0.0048184 0.507444 0.00479642 0.495963 0.00462605 
31.5 0.575305 0.00480349 0.491872 0.00485986 0.513191 0.00475613 0.492199 0.00468216 
32.5 0.598964 0.00473361 0.508858 0.00494454 0.530998 0.00476822 0.501755 0.00457063 
33.5 0.585483 0.00491315 0.511567 0.00503791 0.524594 0.00476555 0.49846 0.00460361 
34.5 0.595831 0.00495287 0.521997 0.00504222 0.527516 0.00478203 0.493828 0.00469523 
35.5 0.610409 0.0048878 0.52938 0.00503347 0.534334 0.00474682 0.5043 0.00471366 
36.5 0.617466 0.00495758 0.536301 0.0051618 0.537609 0.00499617 0.506942 0.00483283 
37.5 0.615513 0.00503425 0.538865 0.0051178 0.527026 0.00491157 0.496687 0.00492995 
38.5 0.609907 0.00514975 0.539707 0.00513087 0.533021 0.00487721 0.495538 0.00484449 
39.5 0.619117 0.0052993 0.546164 0.00533711 0.520758 0.00513113 0.483191 0.00504468 
40.5 0.619063 0.00537308 0.545145 0.00530252 0.522747 0.0051153 0.477743 0.00512498 
41.5 0.608269 0.00557179 0.539112 0.00549378 0.506278 0.00536799 0.465199 0.0052763 
42.5 0.617204 0.00556769 0.542825 0.00554037 0.505985 0.00536967 0.462035 0.00539047 
43.5 0.61198 0.00597355 0.536816 0.00584461 0.504507 0.00559603 0.455416 0.00546099 
44.5 0.585551 0.00635615 0.512328 0.00614686 0.471329 0.00594326 0.420498 0.00576366 
45.5 0.58721 0.00650349 0.515902 0.00628713 0.472361 0.00607003 0.422065 0.00588448 
46.5 0.565974 0.006666 0.49114 0.00635647 0.444896 0.00618325 0.399396 0.00603401 
47.5 0.56946 0.00689934 0.490856 0.00656455 0.443847 0.00628538 0.39332 0.00604312 
48.5 0.534748 0.00739982 0.467294 0.00691777 0.416419 0.0066695 0.36714 0.0063916 
49.5 0.509071 0.00755283 0.438305 0.00720182 0.394759 0.0068231 0.344462 0.00648985 
50.5 0.499333 0.00778378 0.42941 0.00729663 0.375485 0.00701271 0.330522 0.00667345 
51.5 0.457766 0.00819743 0.394811 0.00754132 0.344979 0.00711669 0.303021 0.00675518 
52.5 0.439306 0.00830226 0.372075 0.00769152 0.323002 0.00725813 0.279498 0.0068871 
53.5 0.410879 0.00861116 0.350036 0.00791662 0.300591 0.00742473 0.26166 0.00699292 
54.5 0.374938 0.00884312 0.319977 0.00802503 0.276327 0.00748239 0.236454 0.0069734 
55.5 0.337945 0.00912341 0.285377 0.00836777 0.241926 0.00770935 0.207857 0.0071237 
56.5 0.304801 0.00920726 0.25446 0.00840397 0.216839 0.00766332 0.184568 0.00707035 
57.5 0.272155 0.00951312 0.232226 0.00883015 0.197363 0.00813881 0.172887 0.00757824 
58.5 0.261035 0.00964034 0.216755 0.00871787 0.182335 0.00801081 0.157078 0.00745884 
59.5 0.232468 0.00957689 0.19568 0.00864088 0.162154 0.00774942 0.13861 0.00711792 
60.5 0.210154 0.00966689 0.169944 0.00865738 0.13925 0.00788879 0.117566 0.00717164 
61.5 0.169981 0.00983349 0.13918 0.00896729 0.119278 0.0083443 0.100578 0.00776636 
62.5 0.156642 0.00972949 0.124098 0.00850822 0.0997158 0.00769719 0.0822669 0.00740967 
63.5 0.137305 0.0103023 0.115529 0.00962231 0.101011 0.00905029 0.0883888 0.00847378 
64.5 0.117368 0.0100053 0.0967511 0.00920996 0.0830889 0.00845285 0.0719089 0.00779764 
65.5 0.117229 0.0101674 0.098804 0.00897126 0.0813141 0.00804469 0.0681481 0.00710552 
66.5 0.104415 0.0103794 0.0875465 0.00937048 0.073042 0.00833085 0.0614828 0.00751046 
67.5 0.0808365 0.0103069 0.0690008 0.00919386 0.0575667 0.00840623 0.049479 0.00796036 
68.5 0.0616347 0.00945854 0.0464573 0.00788318 0.0358043 0.00656655 0.0287584 0.00572438 
69.5 0.0395812 0.0112205 0.0314941 0.0102417 0.024844 0.0101126 0.0200212 0.0102275 
70.5 0.0485817 0.0100153 0.0361754 0.00893693 0.0277144 0.00780648 0.0211371 0.00672595 
71.5 0.0437524 0.00947997 0.0386036 0.00905583 0.0320275 0.00790473 0.0256006 0.00638083 
72.5 0.0438144 0.0105573 0.0349288 0.00882242 0.0273562 0.00739807 0.0213694 0.00633871 
73.5 0 0 0 0 0 0 0 0 
74.5 0.00778089 0.00777894 0.00400317 0.00400216 0.00191167 0.00191119 0.0014248 0.00142444 
75.5 0.0159826 0.0140487 0.0139485 0.00588728 0.0137618 0.00955985 0.00755195 0.00597634 
76.5 0 0 0 0 0 0 0 0 
77.5 0 0 0 0 0 0 0 0 
78.5 0 0 0 0 0 0 0 0 
79.5 0 0 0 0 0 0 0 0 
80.5 0 0 0 0 0 0 0 0 
81.5 0 0 0 0 0 0 0 0 
82.5 0 0 0 0 0 0 0 0 
83.5 0 0 0 0 0 0 0 0 
84.5 0 0 0 0 0 0 0 0 
85.5 0 0 0 0 0 0 0 0 
86.5 0 0 0 0 0 0 0 0 
87.5 0 0 0 0 0 0 0 0 
88.5 0 0 0 0 0 0 0 0 
89.5 0 0 0 0 0 0 0 0 
90.5 0 0 0 0 0 0 0 0 
91.5 0 0 0 0 0 0 0 0 
92.5 0 0 0 0 0 0 0 0 
93.5 0 0 0 0 0 0 0 0 
94.5 0 0 0 0 0 0 0 0 
95.5 0 0 0 0 0 0 0 0 
96.5 0 0 0 0 0 0 0 0 
97.5 0 0 0 0 0 0 0 0 
98.5 0 0 0 0 0 0 0 0 
99.5 0 0 0 0 0 0 0 0 
