0.5 0.183244 0.00196226 0.178607 0.00177244 0.205328 0.00198917 0.22911 0.00213899 
1.5 0.187009 0.00206757 0.182525 0.00180535 0.214559 0.00218839 0.239798 0.00233413 
2.5 0.187651 0.00200823 0.188725 0.00189446 0.216825 0.00218878 0.242212 0.00232791 
3.5 0.195472 0.00208197 0.193623 0.00189246 0.222027 0.00219801 0.24634 0.00237686 
4.5 0.201561 0.00209833 0.193774 0.00192253 0.22321 0.00219413 0.252748 0.00239347 
5.5 0.204686 0.00216291 0.191934 0.00192715 0.222739 0.00223065 0.249145 0.00242282 
6.5 0.215847 0.00227363 0.196077 0.00195128 0.230349 0.00230526 0.256815 0.00235725 
7.5 0.216481 0.00230422 0.196394 0.00191931 0.235723 0.00230154 0.254817 0.0024328 
8.5 0.226538 0.00228729 0.212581 0.00215274 0.242458 0.00233097 0.267544 0.00254131 
9.5 0.233287 0.00230107 0.210745 0.0021382 0.246411 0.00238509 0.269621 0.00268341 
10.5 0.24558 0.00241766 0.214838 0.00226008 0.248213 0.00244021 0.276155 0.00261444 
11.5 0.249496 0.00242792 0.217431 0.00216704 0.261117 0.00254344 0.284452 0.00268771 
12.5 0.256152 0.0024595 0.224601 0.00219993 0.260109 0.00248548 0.285747 0.00269494 
13.5 0.270144 0.00255547 0.228238 0.00223875 0.267443 0.00257951 0.291937 0.00263184 
14.5 0.276096 0.00252677 0.236118 0.00232509 0.273731 0.00263718 0.298157 0.00285464 
15.5 0.280834 0.00242015 0.236651 0.00229368 0.278837 0.00259293 0.300397 0.00278243 
16.5 0.294356 0.00258462 0.246092 0.00241622 0.286114 0.00267647 0.308367 0.00289342 
17.5 0.298807 0.00253793 0.247829 0.00242239 0.284256 0.00270806 0.316065 0.00291848 
18.5 0.310001 0.00264422 0.248498 0.00242984 0.298779 0.00277794 0.321234 0.0028762 
19.5 0.320712 0.00265649 0.261402 0.00257545 0.310898 0.00288905 0.330458 0.0029707 
20.5 0.325571 0.00276143 0.262585 0.00250909 0.312414 0.00292497 0.335398 0.00303832 
21.5 0.32726 0.00269014 0.271758 0.00267202 0.314915 0.00292329 0.340345 0.00306522 
22.5 0.341634 0.00272624 0.277228 0.00258855 0.329044 0.00287887 0.353358 0.00302883 
23.5 0.34979 0.0027624 0.281664 0.00266063 0.328572 0.00297712 0.346916 0.00305574 
24.5 0.354713 0.0027951 0.288982 0.00264949 0.334199 0.00293072 0.357904 0.00312777 
25.5 0.364078 0.00289408 0.30218 0.00283539 0.350599 0.00310385 0.367921 0.00315472 
26.5 0.368926 0.00287144 0.300185 0.00278742 0.352731 0.00308732 0.375316 0.00318123 
27.5 0.379363 0.00278993 0.304733 0.0027488 0.358028 0.00313207 0.378556 0.00319995 
28.5 0.385392 0.00288559 0.310117 0.00278198 0.358485 0.00307838 0.380396 0.00321655 
29.5 0.397635 0.00290761 0.320564 0.00291447 0.371442 0.00314408 0.386445 0.00327957 
30.5 0.397316 0.00283433 0.322217 0.00288156 0.381287 0.00317164 0.399392 0.00329919 
31.5 0.397098 0.0029576 0.330623 0.00293459 0.375595 0.00314028 0.401231 0.00326621 
32.5 0.415541 0.00297981 0.338569 0.00304138 0.393303 0.00324658 0.404338 0.0033161 
33.5 0.413074 0.00296512 0.344479 0.00308233 0.394943 0.00327904 0.413873 0.00333363 
34.5 0.415944 0.00311167 0.353196 0.00313198 0.398619 0.00325368 0.417631 0.00333806 
35.5 0.43205 0.0030381 0.359937 0.0031329 0.408808 0.00326582 0.426604 0.00333183 
36.5 0.435021 0.00304633 0.365417 0.00318411 0.413487 0.00329735 0.433707 0.00336662 
37.5 0.440704 0.00315275 0.377016 0.00316434 0.425548 0.00334092 0.438814 0.00340351 
38.5 0.447083 0.00314536 0.376269 0.00321542 0.433783 0.00337256 0.439003 0.0034378 
39.5 0.455213 0.00320736 0.388189 0.00325218 0.434445 0.00334289 0.448137 0.00337277 
40.5 0.461719 0.00318273 0.387572 0.0032527 0.440178 0.00337717 0.452781 0.00343683 
41.5 0.474699 0.00323561 0.407836 0.00336118 0.456518 0.00342249 0.463607 0.00345697 
42.5 0.4714 0.00325767 0.406927 0.00326567 0.454156 0.0033778 0.461238 0.00340817 
43.5 0.477265 0.00323003 0.411443 0.00335501 0.455869 0.00340731 0.466208 0.00342855 
44.5 0.492881 0.00335133 0.424181 0.00336849 0.468691 0.00350133 0.477789 0.0035276 
45.5 0.489844 0.00339856 0.432532 0.00334329 0.468194 0.0034632 0.47766 0.00352008 
46.5 0.503268 0.00333982 0.436806 0.00338244 0.483503 0.00345126 0.487738 0.00349917 
47.5 0.506423 0.00344402 0.443145 0.00338544 0.486367 0.00347906 0.489409 0.00341987 
48.5 0.516447 0.00339945 0.455384 0.00351244 0.489856 0.00354376 0.494657 0.00352161 
49.5 0.524074 0.00341364 0.455297 0.00349335 0.495516 0.00347437 0.488312 0.00351477 
50.5 0.530583 0.00339087 0.472922 0.00348571 0.496155 0.00354253 0.497199 0.00349967 
51.5 0.532725 0.00345469 0.474307 0.00349387 0.50486 0.00353509 0.50443 0.00348172 
52.5 0.53671 0.00348605 0.47941 0.00355526 0.503786 0.0036337 0.500959 0.00361417 
53.5 0.545371 0.00349066 0.484841 0.00358925 0.512073 0.00361449 0.505831 0.0035932 
54.5 0.551926 0.00356636 0.488439 0.00353829 0.517424 0.00353105 0.501521 0.00359472 
55.5 0.55545 0.00347567 0.506138 0.00353534 0.515663 0.00356795 0.513245 0.0035299 
56.5 0.560458 0.00355931 0.51418 0.00357293 0.52246 0.00361226 0.514405 0.00361967 
57.5 0.570773 0.00357994 0.50696 0.00361877 0.522929 0.00360006 0.503373 0.00363296 
58.5 0.576998 0.00352724 0.523443 0.00357681 0.527773 0.00359196 0.512803 0.00361815 
59.5 0.591119 0.00354637 0.526613 0.00359728 0.534682 0.00369443 0.51721 0.00366933 
60.5 0.590467 0.00357141 0.53222 0.00362188 0.531948 0.00364145 0.506304 0.00372652 
61.5 0.599155 0.00356856 0.537195 0.00361549 0.539003 0.00362393 0.506763 0.00367592 
62.5 0.595299 0.00373574 0.532384 0.00371583 0.532919 0.00379132 0.500068 0.00383537 
63.5 0.607306 0.00358222 0.53686 0.00362686 0.529556 0.00377176 0.501838 0.00383464 
64.5 0.609077 0.00363498 0.547414 0.00367833 0.53209 0.00375068 0.500362 0.00377073 
65.5 0.619985 0.0035502 0.548959 0.00365751 0.532 0.00379364 0.503603 0.00378935 
66.5 0.620912 0.00363935 0.543841 0.003732 0.525772 0.00382142 0.487924 0.0039078 
67.5 0.62447 0.00375749 0.550833 0.00375744 0.529026 0.00389964 0.492765 0.00392469 
68.5 0.622889 0.00372872 0.547044 0.00382289 0.521222 0.00389434 0.482564 0.00397465 
69.5 0.636195 0.00376054 0.556982 0.00388217 0.528776 0.00395224 0.48601 0.00404495 
70.5 0.634813 0.00371869 0.55146 0.0039351 0.520147 0.00405651 0.475627 0.0040893 
71.5 0.626366 0.00389663 0.540829 0.00402433 0.50708 0.00418784 0.461483 0.00423171 
72.5 0.629266 0.00396928 0.541708 0.00403674 0.508781 0.00417124 0.459236 0.00422651 
73.5 0.625041 0.00405342 0.540661 0.00416896 0.497544 0.00430087 0.452615 0.00425331 
74.5 0.62857 0.00411708 0.538179 0.00422438 0.490812 0.00436533 0.438346 0.00434848 
75.5 0.612856 0.00422711 0.520878 0.00429486 0.473844 0.00439742 0.427486 0.00441776 
76.5 0.612413 0.00430092 0.521928 0.0043455 0.472405 0.00447406 0.423322 0.00449856 
77.5 0.596077 0.00445382 0.505287 0.00451496 0.453672 0.00459771 0.404603 0.00453764 
78.5 0.584505 0.00466165 0.490495 0.00467575 0.438598 0.00472659 0.387877 0.00464634 
79.5 0.573689 0.00477366 0.476783 0.00476839 0.424839 0.00482201 0.372265 0.00473043 
80.5 0.557433 0.00495344 0.462068 0.00488703 0.409331 0.0048687 0.355307 0.0047628 
81.5 0.537925 0.00514582 0.447441 0.00501651 0.391397 0.00496747 0.339045 0.00482212 
82.5 0.524703 0.00529145 0.432363 0.00513664 0.376841 0.00504231 0.323239 0.00484294 
83.5 0.491464 0.00540145 0.396647 0.00522107 0.342511 0.00517342 0.29447 0.00498783 
84.5 0.478094 0.00565702 0.387673 0.00539438 0.337717 0.00528585 0.288766 0.0050712 
85.5 0.435705 0.00580854 0.355609 0.00549549 0.30214 0.00531842 0.259847 0.00508762 
86.5 0.412861 0.00594293 0.330088 0.00562123 0.277383 0.00539307 0.237258 0.00517149 
87.5 0.371184 0.00614544 0.298992 0.005779 0.251293 0.00557356 0.216921 0.00532636 
88.5 0.33165 0.00619226 0.260611 0.00581105 0.216197 0.00559067 0.18298 0.00534114 
89.5 0.285842 0.00635786 0.223511 0.00586993 0.183244 0.00553019 0.155706 0.00522205 
90.5 0.243118 0.00631264 0.18896 0.00583328 0.153077 0.00551797 0.129304 0.00523197 
91.5 0.203523 0.00662621 0.158032 0.00607371 0.128731 0.00566187 0.107219 0.00528444 
92.5 0.150366 0.00672904 0.117664 0.00606337 0.0952101 0.00552655 0.0793195 0.00513496 
93.5 0.100643 0.00633068 0.0746665 0.0054993 0.0573648 0.00490845 0.046397 0.00434325 
94.5 0.064835 0.00662685 0.0507457 0.00604972 0.0410318 0.00538064 0.0351772 0.00468292 
95.5 0.0343588 0.0065359 0.0250719 0.00564184 0.0191212 0.0047279 0.0150478 0.00403499 
96.5 0 0 0 0 0 0 0 0 
97.5 0 0 0 0 0 0 0 0 
98.5 0 0 0 0 0 0 0 0 
99.5 0 0 0 0 0 0 0 0 
