0.5 0.175326 0.00260684 0.143957 0.00183933 0.163432 0.00228302 0.181268 0.00235893 
1.5 0.179973 0.00270203 0.144493 0.00186739 0.169379 0.0022476 0.180417 0.00257613 
2.5 0.18388 0.00267435 0.14479 0.00202746 0.167819 0.00240581 0.184311 0.00243899 
3.5 0.189695 0.00281051 0.151369 0.00214615 0.176552 0.0025633 0.189729 0.00261701 
4.5 0.197031 0.0027487 0.153477 0.00205148 0.178498 0.00244956 0.198244 0.00263386 
5.5 0.203436 0.00297703 0.15317 0.00218127 0.180745 0.00263629 0.193924 0.00263425 
6.5 0.212498 0.00309061 0.153069 0.00222555 0.185424 0.00257575 0.196406 0.00283094 
7.5 0.221831 0.00320304 0.159759 0.00213976 0.190402 0.00266282 0.20223 0.00280842 
8.5 0.230256 0.00310377 0.162942 0.00231619 0.197979 0.0028361 0.211671 0.00304544 
9.5 0.238848 0.00321402 0.165721 0.0022684 0.204926 0.00295297 0.21767 0.0029457 
10.5 0.252709 0.00305631 0.172373 0.00223788 0.204551 0.00296297 0.222663 0.00310015 
11.5 0.255138 0.00316207 0.174359 0.00237458 0.218126 0.00302362 0.22946 0.00306057 
12.5 0.262714 0.00312915 0.178255 0.00235336 0.221343 0.00318886 0.233336 0.00312699 
13.5 0.282804 0.00326669 0.183711 0.00245944 0.231721 0.00319887 0.244976 0.00338065 
14.5 0.287267 0.00325709 0.191065 0.00259904 0.232109 0.00308231 0.254752 0.00341411 
15.5 0.295372 0.00315525 0.1961 0.00266299 0.241086 0.00324585 0.254354 0.00318578 
16.5 0.312459 0.0033252 0.20127 0.00269627 0.248251 0.00334106 0.255713 0.00338526 
17.5 0.318386 0.00333418 0.197963 0.00271481 0.252814 0.00335053 0.267876 0.00339134 
18.5 0.332832 0.00322492 0.202909 0.00264136 0.266892 0.00340683 0.276593 0.00356468 
19.5 0.341414 0.00330071 0.208874 0.00266395 0.274833 0.00349067 0.281543 0.00367085 
20.5 0.348736 0.0033866 0.213288 0.00277292 0.283562 0.00362374 0.289759 0.00366261 
21.5 0.354695 0.00323027 0.217866 0.0028835 0.283592 0.00355996 0.292111 0.00368426 
22.5 0.374523 0.00350306 0.227551 0.00301297 0.303428 0.0035961 0.310356 0.00378305 
23.5 0.380094 0.00339739 0.229916 0.00307121 0.304724 0.00362909 0.307827 0.00374599 
24.5 0.383328 0.00336986 0.237148 0.00311978 0.313902 0.00381399 0.308047 0.00368908 
25.5 0.392569 0.00357415 0.240075 0.0029894 0.321946 0.00387955 0.324979 0.00397885 
26.5 0.399249 0.00344768 0.246323 0.00316285 0.329409 0.00366049 0.33479 0.00411964 
27.5 0.408011 0.00342952 0.253107 0.00323357 0.330776 0.00392938 0.341619 0.00423046 
28.5 0.417007 0.00357192 0.252458 0.00322283 0.344027 0.00383455 0.337647 0.00414757 
29.5 0.431517 0.00367622 0.259042 0.00336379 0.361421 0.00404856 0.349742 0.00421562 
30.5 0.431298 0.00353017 0.263929 0.00339278 0.361031 0.00401312 0.3552 0.00427564 
31.5 0.43558 0.00379775 0.270574 0.00342508 0.362831 0.00415074 0.366619 0.00426349 
32.5 0.452489 0.00371278 0.278885 0.00363306 0.378255 0.0042181 0.36632 0.00439968 
33.5 0.452827 0.00372115 0.283189 0.00358705 0.380891 0.00416932 0.374317 0.00437355 
34.5 0.454279 0.00385553 0.287328 0.00364934 0.381612 0.00422607 0.386384 0.00432936 
35.5 0.469307 0.00379767 0.297054 0.0036786 0.396863 0.00423112 0.393937 0.00432978 
36.5 0.479493 0.00377489 0.299597 0.00375667 0.404826 0.00423292 0.399041 0.00451661 
37.5 0.482639 0.00399163 0.314614 0.00400919 0.411953 0.00435982 0.414201 0.00461233 
38.5 0.485117 0.0039851 0.314671 0.00374093 0.419873 0.00428097 0.415748 0.00448678 
39.5 0.496282 0.00405902 0.320722 0.003933 0.430129 0.00424884 0.418912 0.00454693 
40.5 0.500823 0.00396279 0.324059 0.00403319 0.43159 0.00440241 0.430417 0.00467499 
41.5 0.517071 0.00399446 0.33565 0.00410849 0.450235 0.00449753 0.446023 0.00474029 
42.5 0.510138 0.00398811 0.339273 0.00411179 0.440964 0.00436925 0.430366 0.00473735 
43.5 0.52696 0.00408029 0.343668 0.00412388 0.461669 0.00456518 0.450069 0.00482511 
44.5 0.530383 0.00413303 0.354668 0.00410634 0.46804 0.00463124 0.462552 0.00475609 
45.5 0.527996 0.00417096 0.362874 0.00438119 0.471033 0.00459787 0.467029 0.00479078 
46.5 0.537971 0.00408534 0.365904 0.00435814 0.478744 0.00467007 0.47401 0.00484726 
47.5 0.545578 0.00435904 0.366153 0.00429582 0.489299 0.00468775 0.467919 0.00484295 
48.5 0.554233 0.00443441 0.378583 0.00447051 0.494106 0.00475831 0.484227 0.0049484 
49.5 0.568006 0.00428946 0.380929 0.00433059 0.505028 0.00472905 0.494924 0.00477064 
50.5 0.568626 0.00436684 0.390744 0.00449873 0.510924 0.00474026 0.501247 0.004853 
51.5 0.573221 0.00451191 0.393997 0.00459596 0.519261 0.00472628 0.501846 0.00481144 
52.5 0.5754 0.0043444 0.407245 0.00461277 0.521273 0.00480019 0.509248 0.00502653 
53.5 0.578508 0.00441005 0.408514 0.00459526 0.519034 0.0048221 0.513065 0.00506515 
54.5 0.584467 0.0046233 0.409381 0.00454512 0.54008 0.00477164 0.519412 0.00500014 
55.5 0.593334 0.00452263 0.424466 0.0045235 0.529584 0.00489672 0.525824 0.00502154 
56.5 0.589811 0.00461214 0.433446 0.00473831 0.538228 0.00487978 0.534379 0.00520281 
57.5 0.603083 0.00473327 0.431915 0.00490034 0.548287 0.00505096 0.534145 0.00516985 
58.5 0.607623 0.00478643 0.447125 0.00499371 0.5599 0.00502452 0.551265 0.00528953 
59.5 0.619688 0.00471879 0.439296 0.00482385 0.562078 0.00504126 0.552253 0.00519715 
60.5 0.61471 0.00482452 0.452949 0.00502369 0.559824 0.00510968 0.544784 0.00540329 
61.5 0.626501 0.00473189 0.457757 0.00502967 0.582586 0.00503096 0.565389 0.00529417 
62.5 0.62769 0.00499089 0.450625 0.00521001 0.580562 0.00523639 0.553225 0.00555145 
63.5 0.629008 0.00487114 0.454753 0.00522478 0.57131 0.00532708 0.553138 0.00540626 
64.5 0.634737 0.00491607 0.468654 0.0051804 0.587407 0.00518348 0.56545 0.00539873 
65.5 0.640486 0.0049932 0.465268 0.005164 0.592338 0.00530609 0.572117 0.00540734 
66.5 0.645137 0.00492968 0.472178 0.0052513 0.596051 0.005185 0.572282 0.00542036 
67.5 0.650462 0.00505086 0.479403 0.00534509 0.602883 0.00539263 0.578437 0.00562044 
68.5 0.645269 0.00510542 0.485852 0.00539329 0.605575 0.00535919 0.579648 0.00559814 
69.5 0.657065 0.00516389 0.478585 0.0053068 0.613434 0.00539162 0.573997 0.00556801 
70.5 0.658538 0.00513301 0.489615 0.00559817 0.617117 0.00546745 0.581733 0.00585364 
71.5 0.656021 0.00526816 0.498516 0.00573705 0.621862 0.00561807 0.592555 0.00583053 
72.5 0.659341 0.00540248 0.488165 0.00561551 0.623014 0.00559823 0.585794 0.00581438 
73.5 0.662505 0.00534192 0.489571 0.00581441 0.614736 0.00566356 0.582262 0.00590111 
74.5 0.663794 0.00545478 0.490587 0.00560599 0.622406 0.00574526 0.587336 0.0058886 
75.5 0.65647 0.0056269 0.48913 0.00590661 0.619817 0.00590648 0.580673 0.00612613 
76.5 0.66649 0.00558405 0.492798 0.00600664 0.631261 0.00587747 0.588776 0.00616462 
77.5 0.657325 0.00571388 0.497003 0.00609026 0.623024 0.00603639 0.581826 0.00632189 
78.5 0.654932 0.00586649 0.492936 0.00620508 0.615909 0.00623754 0.573114 0.00656975 
79.5 0.65911 0.00583575 0.498182 0.00620437 0.622359 0.00620213 0.579187 0.00646282 
80.5 0.662148 0.00592867 0.503209 0.00631121 0.632788 0.00616172 0.58688 0.00650864 
81.5 0.663267 0.00597889 0.502817 0.00647797 0.630675 0.00640327 0.583443 0.00671286 
82.5 0.657597 0.0062235 0.492056 0.00651552 0.622232 0.00642545 0.568228 0.00683413 
83.5 0.639518 0.00629006 0.486199 0.00657132 0.612398 0.00655722 0.559946 0.00684055 
84.5 0.641224 0.00647437 0.470679 0.00686312 0.608377 0.00679979 0.544244 0.00720783 
85.5 0.644439 0.00652891 0.478343 0.00685308 0.608485 0.00693019 0.549965 0.00719605 
86.5 0.630845 0.00675326 0.460988 0.0069025 0.589935 0.007102 0.527589 0.00740987 
87.5 0.629796 0.00687986 0.475058 0.00707785 0.600454 0.00714199 0.542048 0.00743007 
88.5 0.611354 0.00705186 0.454279 0.00730563 0.576506 0.00746552 0.51653 0.00767845 
89.5 0.595767 0.00743478 0.438012 0.00745771 0.555732 0.00774948 0.494274 0.00792413 
90.5 0.586569 0.00761399 0.428892 0.00744881 0.550004 0.00789144 0.484663 0.00802229 
91.5 0.570153 0.00784525 0.407061 0.00769417 0.521905 0.00817862 0.454878 0.00826366 
92.5 0.556006 0.00804131 0.401913 0.00792835 0.515052 0.00841171 0.450815 0.00857081 
93.5 0.530645 0.00827546 0.372253 0.00797995 0.483294 0.00851908 0.415436 0.0085356 
94.5 0.495898 0.00866228 0.342785 0.00813898 0.450743 0.00882934 0.38378 0.00875966 
95.5 0.48225 0.00893502 0.329069 0.00821086 0.435615 0.00907049 0.367016 0.00892581 
96.5 0.443308 0.0093292 0.310274 0.00865291 0.403201 0.0095067 0.342992 0.00930064 
97.5 0.426596 0.00942145 0.298611 0.00884991 0.383074 0.00960612 0.3293 0.00951305 
98.5 0.301597 0.00992547 0.205602 0.00899632 0.263399 0.0101129 0.22083 0.00982184 
99.5 0.363114 0.00840523 0.254304 0.00800606 0.246267 0.00922197 0.201452 0.0089192 
