0.5 -0.565973 0.103863 -0.000239707 0.000161915 -0.998973 1.84261 -0.294312 1.23385 -1.34155e-05 8.1144e-05 1.91949 11.1791 -0.329246 1.11579 -3.16515e-05 0.000146951 -1.60823 5.71813 0.516856 0.072836 0.000295028 0.000171517 -0.853863 0.59324 
1.5 -0.653502 0.0546709 -0.000490949 0.000162011 1.01243 0.116765 -0.484194 0.175017 -0.000111126 0.000127117 -1.09009 2.60225 0.531951 0.0777533 0.000255355 0.000156197 1.11655 0.200795 0.511867 0.0719469 0.00027024 0.000155376 0.745552 0.93024 
2.5 -0.605061 0.0631624 -0.000410414 0.000169019 1.01841 0.123377 0.279919 0.461925 1.16664e-05 8.94348e-05 -1.58379 3.20075 -0.314398 0.897974 -3.14757e-05 0.000142795 1.99027 6.52363 0.596554 0.0478249 0.000594442 0.000198032 0.979549 0.0966817 
3.5 -0.614858 0.0605113 -0.000488257 0.000188564 1.07277 0.116766 -0.534226 0.134693 -0.000186204 0.000164305 -1.18115 0.243611 -0.337069 1.08468 -4.37047e-05 0.000176523 -1.62676 6.73807 0.420774 0.130438 0.000160511 0.000205031 -1.43985 0.548408 
4.5 -0.479277 0.151029 -0.000209546 0.000230148 1.01966 0.630083 -0.583302 0.106118 -0.00029785 0.000198728 -1.14238 0.161947 -0.571323 0.10288 -0.000440565 0.000283015 -0.880596 2.11128 0.525076 0.0838619 0.000410265 0.000277952 1.16953 0.247818 
5.5 -0.501741 0.0923775 -0.000279132 0.00019932 1.32554 0.211762 -0.679419 0.0543263 -0.000568289 0.000182701 0.689543 0.447168 -0.212617 2.25133 -8.65839e-06 0.000187264 2.83067 33.4385 0.219368 0.960255 1.30799e-05 0.000274883 -2.1934 10.697 
6.5 -0.517219 0.122267 -0.00034109 0.000286936 0.922557 0.596589 -0.594823 0.0776025 -0.000317659 0.000161556 -0.703967 2.81909 0.406631 0.152891 0.000115877 0.000182615 -1.32957 0.668508 0.538614 0.0658365 0.000475142 0.00023965 0.786453 0.526747 
7.5 -0.501763 0.0938014 -0.000362365 0.000261533 1.31285 0.218824 0.370103 0.207368 5.23019e-05 0.000125026 -1.15122 1.39638 0.474523 0.0954338 0.000258993 0.000214277 -1.12063 0.411606 0.491941 0.0853367 0.000367701 0.000265204 -1.08385 0.349888 
8.5 0.576389 0.0453715 0.000692834 0.000230124 -0.909963 0.251934 -0.377402 0.566911 -6.11624e-05 0.000140682 1.6062 5.85348 0.525491 0.0671358 0.000376875 0.0001972 0.842957 0.388064 0.236344 0.747306 2.17895e-05 0.000316989 -2.36023 7.80759 
9.5 0.550305 0.0523886 0.000670677 0.000267132 -1.04114 0.217666 0.455067 0.103531 0.000146955 0.000137109 -1.29966 0.409007 0.458741 0.106799 0.000274359 0.000264828 -0.931484 0.87236 0.438879 0.115487 0.000280385 0.000305179 -1.37165 0.457604 
10.5 0.677222 0.0246946 0.00188032 0.00030908 0.914675 0.0402215 -0.655567 0.0583437 -0.000664045 0.000235918 0.855033 0.175381 0.562511 0.0493367 0.000655124 0.000240781 -0.975799 0.237763 0.46578 0.108623 0.000362681 0.000348312 1.10109 0.192033 
11.5 0.6466 0.0329731 0.00173929 0.000378901 0.93882 0.0509814 -0.511072 0.233229 -0.00026964 0.000298919 -1.23789 3.14031 0.457643 0.114738 0.000318544 0.000337576 1.11281 0.401678 -0.333503 0.873774 -0.000105873 0.00040543 1.62274 5.99375 
12.5 0.711208 0.0204328 0.00273978 0.000364312 0.96075 0.0192655 -0.385148 0.246103 -8.5958e-05 0.000183386 1.56293 1.20447 0.577274 0.0472756 0.000893985 0.000305202 0.52032 12.7533 0.518406 0.0676455 0.000672067 0.000360414 -0.996754 0.34572 
13.5 0.718896 0.0210485 0.00361683 0.000474977 0.991634 0.0170015 0.521038 0.074523 0.000365754 0.000217648 0.886067 1.58554 0.630451 0.0375973 0.00155031 0.00039263 0.913541 0.0907518 0.590145 0.0429689 0.0012858 0.000395246 -0.694245 0.715054 
14.5 0.73147 0.0172964 0.00441484 0.000502645 0.970092 0.0123929 0.556703 0.0561587 0.000496284 0.000207061 -0.70766 0.934243 0.616797 0.036312 0.00144513 0.000363429 0.779803 0.231663 0.645422 0.0303666 0.00192641 0.000393093 0.899185 0.0655566 
15.5 0.782437 0.0124017 0.0063869 0.00053855 0.983604 0.00577463 0.533773 0.0642814 0.000474875 0.00023474 0.776409 0.568915 0.603725 0.0405197 0.00144199 0.00040779 0.807287 0.209974 0.672371 0.0245794 0.00247434 0.000419857 0.78939 0.126972 
16.5 0.797963 0.01122 0.00799202 0.000617603 0.986942 0.00471791 0.392806 0.176276 0.000154939 0.000294413 -1.18659 0.954271 0.653146 0.0281259 0.0021673 0.000415597 0.828711 0.109035 0.64837 0.0285863 0.0023535 0.000459215 0.838359 0.107261 
17.5 0.810187 0.00989463 0.00966632 0.000704811 0.980584 0.00408772 0.390592 0.170994 0.000169182 0.000314243 -1.49853 0.755151 0.66686 0.0247781 0.00269108 0.000456425 0.85634 0.0764663 0.663307 0.026145 0.00281253 0.000502884 0.821821 0.1054 
18.5 0.812368 0.0096845 0.0106872 0.000758189 0.984442 0.00385152 0.611596 0.0414466 0.00121457 0.000344719 0.95191 0.0832271 0.676987 0.024252 0.00321081 0.000526709 0.876944 0.0564224 0.707401 0.0203251 0.00410652 0.000563247 0.912755 0.0297798 
19.5 0.832252 0.00838281 0.0129648 0.00083032 0.986414 0.00307118 0.571929 0.0487465 0.000959587 0.000341636 -0.813073 0.412607 0.680497 0.023571 0.00343963 0.000545222 0.902982 0.0433386 0.677327 0.0245009 0.00368394 0.00060692 0.888083 0.051714 
20.5 0.823461 0.0087688 0.013068 0.000871294 0.984857 0.00313813 0.548864 0.0548521 0.000801165 0.000332478 -0.887626 0.36391 0.694579 0.0218712 0.00409959 0.000605404 0.898346 0.0392604 0.657064 0.0274082 0.00331556 0.000620043 0.824902 0.108949 
21.5 0.845377 0.00756206 0.0160128 0.000942151 0.990179 0.00222742 0.511259 0.0674964 0.000757581 0.000412254 -1.13727 0.271515 0.698424 0.0210752 0.00445544 0.000627246 0.931506 0.0264828 0.709088 0.019605 0.00538727 0.000709943 0.933633 0.0233663 
22.5 0.856587 0.00671934 0.019617 0.00107063 0.991719 0.00185212 0.599966 0.0407364 0.00159827 0.000455319 0.852097 0.156611 0.719255 0.0176443 0.00601615 0.000731311 0.930151 0.0221481 0.738502 0.0161211 0.0068556 0.000752429 0.953771 0.0136131 
23.5 0.844687 0.00753661 0.0210242 0.00122875 0.991249 0.00232654 0.591282 0.0407035 0.00167713 0.000488813 -0.681153 0.786766 0.732063 0.0168621 0.00702951 0.000798326 0.956062 0.0141574 0.705156 0.0192355 0.00590018 0.000795851 0.875314 0.0455782 
24.5 0.855261 0.00674161 0.0223073 0.00123439 0.990395 0.00191774 0.612285 0.0379352 0.00201965 0.000529729 0.846621 0.141114 0.755372 0.0144399 0.00875403 0.000879287 0.955582 0.0111554 0.729905 0.0166009 0.00740193 0.00085891 0.925802 0.0209773 
25.5 0.859765 0.00666338 0.0251854 0.00138102 0.989835 0.00178835 0.679571 0.0242156 0.00359981 0.00058291 0.906053 0.0428557 0.75715 0.0140995 0.00970789 0.000966807 0.950692 0.0116112 0.767504 0.0127007 0.00967372 0.000889131 0.958313 0.00941191 
26.5 0.85962 0.00647894 0.0262176 0.00144188 0.988313 0.00183966 0.656264 0.0270476 0.00334756 0.000621339 0.806283 0.126925 0.766242 0.0131834 0.0104306 0.00098783 0.953124 0.0102687 0.765707 0.0129851 0.0104533 0.000974102 0.958244 0.00947195 
27.5 0.849995 0.00691549 0.0247628 0.00142484 0.987476 0.00207896 0.662556 0.0265784 0.00315808 0.000569619 0.851053 0.082294 0.756265 0.0135406 0.0103045 0.00101519 0.943538 0.0129601 0.755561 0.0136089 0.00982981 0.000977137 0.939494 0.0135794 
28.5 0.859882 0.0063794 0.0305278 0.00171558 0.984614 0.00197528 0.657847 0.0276561 0.00375245 0.000698139 0.885415 0.0637939 0.779081 0.0115192 0.0133032 0.00115952 0.954374 0.00881717 0.765988 0.0128784 0.0113943 0.00109334 0.937305 0.0129487 
29.5 0.86522 0.00595344 0.033875 0.0018172 0.986942 0.00170641 0.655345 0.0267815 0.00388882 0.000721751 0.747937 0.20064 0.775033 0.0117428 0.0133182 0.00118037 0.952659 0.00949645 0.772218 0.0122048 0.0122386 0.00111239 0.950588 0.0101149 
30.5 0.876897 0.00542527 0.0366993 0.00186111 0.987863 0.00144518 0.728823 0.0173142 0.00653656 0.00076504 0.947302 0.0164708 0.797259 0.0106415 0.0151888 0.00122334 0.964237 0.0063264 0.786757 0.0114782 0.0145094 0.00124147 0.95834 0.00768293 
31.5 0.860163 0.00622692 0.0343485 0.00187606 0.987546 0.00177529 0.702963 0.0197973 0.00636267 0.000871525 0.888929 0.0400977 0.785721 0.0110985 0.0157629 0.00132696 0.959255 0.00765391 0.798984 0.0103619 0.0168134 0.00134155 0.962679 0.0063893 
32.5 0.877357 0.0054918 0.0411621 0.00207961 0.988485 0.0014294 0.727623 0.0170105 0.0076873 0.000914264 0.917011 0.0238378 0.799333 0.0100772 0.0175616 0.00138722 0.96197 0.0063646 0.805704 0.00957227 0.0179289 0.00135033 0.968586 0.00523165 
33.5 0.870315 0.00579722 0.0422374 0.00223828 0.986289 0.00164666 0.710837 0.0189759 0.00764622 0.000998941 0.90835 0.0305067 0.804943 0.00974267 0.0204904 0.00158292 0.962782 0.00598425 0.806293 0.00953747 0.0201149 0.00153131 0.964387 0.00550559 
34.5 0.865089 0.00607605 0.0423934 0.00231908 0.985123 0.00183145 0.73505 0.0158523 0.00993505 0.00111717 0.924004 0.0205006 0.803995 0.00979691 0.0205269 0.00156463 0.968433 0.00542381 0.812139 0.00936768 0.019487 0.00144429 0.968437 0.00496126 
35.5 0.874988 0.00558978 0.0477795 0.00250485 0.985331 0.00168311 0.747459 0.0144693 0.0111564 0.00117481 0.925713 0.0180436 0.792762 0.0104382 0.0200671 0.00164057 0.957088 0.00732351 0.798567 0.0102674 0.0198546 0.00159432 0.958982 0.00683374 
36.5 0.878077 0.00524884 0.0488175 0.00245953 0.987447 0.00142952 0.762977 0.0135501 0.0130629 0.00125709 0.954545 0.0102252 0.818581 0.00891677 0.0238479 0.00173214 0.966588 0.00491386 0.822797 0.00863826 0.0235351 0.00165379 0.971097 0.00424616 
37.5 0.87421 0.0056438 0.0506074 0.00265082 0.985906 0.00165105 0.766064 0.0127624 0.0142727 0.00134006 0.948304 0.0107212 0.816397 0.00902491 0.0247394 0.00181075 0.966409 0.00508339 0.815013 0.00898577 0.0225849 0.00163329 0.969943 0.00470048 
38.5 0.880529 0.00518642 0.0536805 0.00269454 0.986961 0.00143664 0.772292 0.0121998 0.016548 0.00151317 0.947025 0.0105655 0.831711 0.00799386 0.0287342 0.00193289 0.972382 0.00382777 0.827459 0.00819636 0.0252457 0.00172214 0.972407 0.00389194 
39.5 0.889155 0.00476899 0.0616787 0.00292033 0.988972 0.00118514 0.793208 0.0105824 0.0201463 0.00163394 0.962442 0.0066553 0.838961 0.00758539 0.0320803 0.00209162 0.973393 0.00350003 0.83227 0.0080519 0.0283775 0.00190715 0.972969 0.00372828 
40.5 0.879054 0.00534916 0.0616424 0.00317738 0.985126 0.00161757 0.784391 0.0114289 0.0206111 0.00180349 0.947881 0.00940152 0.829264 0.00806628 0.0314421 0.00215544 0.969314 0.00420721 0.830599 0.00791836 0.0283916 0.00189696 0.973585 0.00364587 
41.5 0.881632 0.00529245 0.0621348 0.00315132 0.986058 0.00153256 0.811267 0.00938441 0.0239751 0.00181888 0.961583 0.00575745 0.841407 0.00750793 0.0329911 0.00214928 0.972157 0.00355002 0.823046 0.0086586 0.0252506 0.00180441 0.966701 0.0047881 
42.5 0.880296 0.00531322 0.0626509 0.00321994 0.984988 0.00161421 0.800621 0.0101104 0.0248495 0.00198253 0.958196 0.00688762 0.84278 0.00736942 0.0357782 0.00228973 0.974309 0.00330459 0.827801 0.00830464 0.0297771 0.00205982 0.969932 0.00423583 
43.5 0.894066 0.00459968 0.0729863 0.00340835 0.988436 0.00119178 0.824466 0.00849679 0.0302252 0.00210014 0.97192 0.00413318 0.854668 0.00664925 0.0391846 0.00231958 0.979807 0.00243503 0.839295 0.00763745 0.0317455 0.00206554 0.974183 0.00339081 
44.5 0.882163 0.00518084 0.0743029 0.00378412 0.984952 0.00159176 0.818852 0.00884479 0.0322675 0.00233796 0.966364 0.00497326 0.841368 0.00762438 0.0390267 0.00256965 0.970868 0.00375266 0.834309 0.00794186 0.0318536 0.00213249 0.972172 0.00374674 
45.5 0.893044 0.00479855 0.0842448 0.00408602 0.985883 0.00142256 0.823021 0.00847433 0.0326348 0.00230553 0.967818 0.00453865 0.863774 0.00622671 0.0441767 0.00250793 0.981153 0.00224262 0.83872 0.00775411 0.0307459 0.00201767 0.973551 0.00355852 
46.5 0.876108 0.00567806 0.0728475 0.0039885 0.979995 0.00211551 0.814997 0.00916246 0.0316781 0.00234094 0.965715 0.00526476 0.837863 0.00787149 0.0374877 0.00250463 0.970874 0.00387875 0.809481 0.00979231 0.025724 0.00197833 0.963199 0.00598084 
47.5 0.891012 0.00488209 0.0871993 0.00428142 0.985467 0.0014764 0.836055 0.00790519 0.0397971 0.00269031 0.96901 0.00416427 0.849459 0.00697985 0.0422499 0.00263241 0.974574 0.00311492 0.822656 0.00873439 0.0293814 0.00212605 0.964148 0.00517434 
48.5 0.871685 0.00594908 0.0785456 0.00444278 0.978019 0.00240672 0.828597 0.00851759 0.0408985 0.00293714 0.961896 0.00538699 0.826995 0.00878526 0.0369064 0.00270857 0.959085 0.00586096 0.809514 0.00993916 0.0283692 0.00227449 0.950094 0.00800731 
49.5 0.860486 0.00689469 0.0745217 0.00464834 0.970711 0.00355379 0.822185 0.0090641 0.040588 0.00306086 0.95551 0.00654621 0.81954 0.00929815 0.0351477 0.00267498 0.956366 0.00663951 0.779088 0.0122777 0.0226952 0.00215879 0.919915 0.0161662 
50.5 0.873957 0.00617693 0.0829812 0.00478863 0.975789 0.00275195 0.820443 0.00908307 0.0388802 0.00294749 0.954622 0.0067337 0.815432 0.00969919 0.0338369 0.00271062 0.944611 0.00868642 0.783162 0.0122051 0.021844 0.00206879 0.918803 0.0163929 
51.5 0.866298 0.00671956 0.0829382 0.00509434 0.970801 0.00349705 0.794463 0.0113894 0.0352951 0.00319282 0.923779 0.0143448 0.779579 0.0124454 0.0273727 0.00266561 0.906516 0.019736 0.73382 0.0168131 0.0160901 0.00201195 0.804891 0.074697 
52.5 0.859575 0.00721687 0.0821841 0.00533459 0.965413 0.00431391 0.806765 0.0104559 0.040256 0.00342819 0.933032 0.0114848 0.789017 0.0117993 0.028957 0.00268723 0.919638 0.0159343 0.722214 0.0180186 0.0150357 0.00201649 0.712468 0.173516 
53.5 0.856371 0.00742489 0.0840248 0.00557115 0.963328 0.00466258 0.803497 0.0108302 0.0405946 0.00355727 0.926502 0.0131302 0.790157 0.0117603 0.0313329 0.00291991 0.915343 0.0166759 0.706179 0.0202381 0.0141587 0.00211983 -0.690296 0.292805 
54.5 0.817794 0.0103792 0.062119 0.00530473 0.925902 0.0128537 0.756403 0.0152587 0.0284013 0.003312 0.816847 0.0614522 0.701048 0.0213458 0.0163856 0.00261043 -0.841105 0.13789 0.583481 0.0429337 0.00553726 0.00184257 -1.27512 0.137789 
55.5 0.790637 0.0128291 0.0523823 0.00531204 0.875107 0.0295385 0.714588 0.0203418 0.0221686 0.00337061 -0.798431 0.158878 0.643494 0.0309154 0.0107272 0.00247531 -1.09854 0.105917 0.244605 0.689714 0.000155912 0.00172346 -3.32741 9.81227 
56.5 0.764147 0.0157791 0.0450038 0.00543799 0.756102 0.106189 0.656858 0.0290471 0.0147639 0.00319887 -1.07412 0.101989 0.519541 0.0659246 0.00416375 0.0022833 -1.51095 0.23276 -0.561256 0.0624076 -0.00384508 0.00155838 1.51855 0.143343 
57.5 0.692483 0.02453 0.0269163 0.00491724 -0.98298 0.100026 0.548944 0.0565162 0.00668003 0.00303097 -1.43097 0.188359 -0.337703 0.26951 -0.000685113 0.00214609 2.45815 1.92161 -0.678268 0.039608 -0.00762102 0.00147434 1.3078 0.0585927 
58.5 0.670303 0.0286391 0.0231002 0.00491375 -1.07523 0.0993279 0.355475 0.22714 0.00107298 0.00279327 -2.32176 1.53489 -0.63709 0.0463061 -0.00761051 0.0018862 1.38555 0.0800632 -0.782456 0.029592 -0.0115308 0.00127555 1.18011 0.0321468 
59.5 0.546833 0.0605229 0.00926279 0.00451854 -1.47747 0.203629 -0.499051 0.0912105 -0.00395075 0.00270851 1.73175 0.284861 -0.679129 0.0411033 -0.00933198 0.00184462 1.32769 0.0617548 -0.826046 0.0274471 -0.0132475 0.00123552 1.1369 0.0269729 
60.5 -0.481814 0.105593 -0.00502636 0.00416241 1.81771 0.364339 -0.701654 0.0390001 -0.0136264 0.00237726 1.30819 0.0548873 -0.824607 0.0282921 -0.0169494 0.00153032 1.15741 0.0279391 -0.903327 0.0246553 -0.0161897 0.00108921 1.07735 0.0211873 
61.5 -0.596319 0.0591496 -0.0106464 0.00370704 1.50308 0.124261 -0.782586 0.0311737 -0.0180262 0.00203666 1.20104 0.0340324 -0.889867 0.0251157 -0.0199051 0.0013791 1.09127 0.0218794 -0.994901 0.0220162 -0.0195939 0.00105153 0.996539 0.0180334 
62.5 -0.81138 0.0309887 -0.0293884 0.00290181 1.19459 0.0318962 -0.913196 0.025485 -0.027565 0.0016671 1.09021 0.0211207 -0.999075 0.0229389 -0.024856 0.00116396 1.01407 0.0177867 -1.08486 0.0219055 -0.0210825 0.000979761 0.940138 0.0181845 
63.5 -0.862616 0.0285497 -0.0342769 0.00262307 1.14803 0.0260032 -0.968368 0.0242402 -0.0310525 0.00150906 1.04872 0.0187191 -1.03788 0.0226574 -0.0267624 0.00117323 0.986697 0.017371 -1.1219 0.0219703 -0.022942 0.00107521 0.91179 0.0189491 
64.5 -0.9309 0.0261771 -0.0395029 0.00215789 1.09167 0.020958 -1.0307 0.0235013 -0.0329236 0.00136422 1.00364 0.0174414 -1.1134 0.022327 -0.0272326 0.00119823 0.92711 0.0183325 -1.19422 0.0222051 -0.0226733 0.0011666 0.843085 0.0242739 
65.5 -0.970155 0.0251134 -0.0418127 0.00192813 1.05968 0.0190315 -1.0586 0.0231588 -0.0324398 0.0012922 0.981909 0.0172337 -1.13417 0.022304 -0.0254647 0.00115535 0.908497 0.0190748 -1.20724 0.0221962 -0.0199362 0.00109321 0.820462 0.0268751 
66.5 -1.11964 0.0238026 -0.0509067 0.00150314 0.95518 0.0171574 -1.1823 0.0235057 -0.0369251 0.00136616 0.896437 0.0193155 -1.23666 0.0235845 -0.0278354 0.0012601 0.835036 0.0246033 -1.30388 0.0241929 -0.0218165 0.00119024 0.733621 0.0433666 
67.5 -1.23841 0.0247646 -0.05225 0.00169352 0.869386 0.0210059 -1.30778 0.0251076 -0.036334 0.00161721 0.780089 0.0322715 -1.37278 0.0256269 -0.0252193 0.00146584 0.575542 0.144059 -1.43645 0.0269497 -0.0187734 0.00127916 -0.689095 0.0566514 
68.5 -1.24073 0.024791 -0.0511685 0.00169045 0.866823 0.0211712 -1.3136 0.0251067 -0.0356273 0.00160699 0.770972 0.034163 -1.38972 0.0261019 -0.0259593 0.00152242 0.482773 0.377083 -1.45195 0.0272554 -0.0193102 0.00135378 -0.719506 0.0461456 
69.5 -1.33321 0.0265672 -0.0501257 0.00194714 0.784141 0.031637 -1.40294 0.0269825 -0.0325721 0.00181706 0.531778 0.218602 -1.47598 0.0281389 -0.023371 0.00163764 -0.73764 0.0408535 -1.55245 0.0300412 -0.0171357 0.00145288 -0.834364 0.0239317 
70.5 -1.41454 0.0284808 -0.0464856 0.00216904 0.650735 0.0774008 -1.49806 0.0297538 -0.0302867 0.00190201 -0.709929 0.0485041 -1.56936 0.0312332 -0.0208731 0.00159334 -0.814273 0.0255214 -1.65139 0.0335698 -0.0146925 0.0013052 -0.875465 0.0193503 
71.5 -1.49346 0.030474 -0.0437936 0.00242126 -0.642423 0.0794864 -1.57502 0.0320979 -0.0288092 0.00203103 -0.796127 0.0286702 -1.66352 0.0346166 -0.0197561 0.00169036 -0.870083 0.0201465 -1.74072 0.0375421 -0.014162 0.00140402 -0.914111 0.0173085 
72.5 -1.64239 0.0357119 -0.035668 0.00256797 -0.824459 0.0249835 -1.72179 0.0381535 -0.0227344 0.00200445 -0.886583 0.0189481 -1.79356 0.0408958 -0.0157018 0.00159023 -0.925252 0.0168243 -1.86546 0.0438784 -0.0110315 0.00125019 -0.955657 0.0160907 
73.5 -1.71656 0.0391914 -0.0295903 0.00236181 -0.865415 0.0209039 -1.81289 0.0431731 -0.0189438 0.00181497 -0.917616 0.017762 -1.88769 0.0461969 -0.0120932 0.00139033 -0.95864 0.0163862 -1.97505 0.0504025 -0.00839831 0.00113363 -0.994983 0.0158987 
74.5 -1.82868 0.0456365 -0.027037 0.00243295 -0.908036 0.0182428 -1.90211 0.0479748 -0.016101 0.00174553 -0.950741 0.0162796 -1.98585 0.0517313 -0.00999079 0.00127129 -0.986682 0.0158493 -2.0731 0.057503 -0.00656278 0.000941184 -1.01301 0.0166456 
75.5 -1.96743 0.0543873 -0.0219873 0.00233844 -0.95394 0.0167932 -2.076 0.0594595 -0.0129995 0.00171438 -0.999574 0.0161051 -2.19555 0.0660464 -0.00838383 0.00132996 -1.039 0.0165471 -2.31184 0.0731762 -0.00597852 0.00109317 -1.07008 0.0176406 
76.5 -1.97389 0.0547848 -0.0214395 0.00226922 -0.954562 0.0169389 -2.06349 0.0596908 -0.0125031 0.0015625 -0.989603 0.0164534 -2.15126 0.065014 -0.00769533 0.00113111 -1.02177 0.0162715 -2.23624 0.0694357 -0.00520037 0.000874389 -1.05021 0.0165891 
77.5 -2.14765 0.067368 -0.0151844 0.00198386 -1.00337 0.0166937 -2.2675 0.0745658 -0.00871364 0.00138735 -1.04318 0.0171057 -2.37946 0.0821251 -0.00539384 0.00100344 -1.07491 0.0181363 -2.47453 0.0907669 -0.00363111 0.000742396 -1.09473 0.0191042 
78.5 -2.45609 0.0944056 -0.00920745 0.00167466 -1.07415 0.0186889 -2.62849 0.109927 -0.0051931 0.00117421 -1.11661 0.0208714 -2.7934 0.126725 -0.00320314 0.000868518 -1.15294 0.0238793 -2.96119 0.147857 -0.00218951 0.000679399 -1.18139 0.0269685 
79.5 -2.76205 0.130327 -0.00619452 0.00146003 -1.1284 0.0221833 -2.95098 0.152362 -0.00373828 0.0010458 -1.16403 0.0261081 -3.11646 0.180928 -0.00275668 0.000835835 -1.18293 0.0293818 -3.1942 0.198044 -0.00215252 0.00067198 -1.18982 0.0306495 
80.5 -2.69521 0.124548 -0.00672981 0.00144142 -1.11051 0.0214459 -2.83609 0.141168 -0.00378184 0.000937037 -1.13912 0.0237402 -2.94132 0.152737 -0.00202394 0.000579809 -1.16577 0.0250714 -3.03165 0.165979 -0.00116696 0.000360816 -1.18117 0.02647 
81.5 -2.97058 0.167218 -0.00437101 0.00114863 -1.15205 0.0250818 -3.12709 0.188052 -0.00255 0.000782041 -1.18296 0.0292504 -3.28877 0.21252 -0.00129358 0.000497642 -1.22435 0.0340393 -3.53933 0.255794 -0.000752811 0.000348908 -1.26485 0.039576 
82.5 -2.93656 0.166763 -0.0039021 0.000949227 -1.13845 0.0246618 -3.05276 0.17494 -0.00169517 0.000495638 -1.17264 0.026504 -3.22757 0.196003 -0.000633016 0.000217209 -1.2063 0.0315678 -3.41657 0.231463 -0.000310701 0.000117502 -1.22888 0.0364093 
83.5 -3.92166 0.41135 -0.00133166 0.000577129 -1.26176 0.0462765 -4.10208 0.456449 -0.000497333 0.000249501 -1.29108 0.0505755 -4.2648 0.512036 -0.000193861 0.000106154 -1.31088 0.0573882 -4.54582 0.600154 -0.000104851 6.71327e-05 -1.34653 0.0709497 
84.5 -3.65181 0.315384 -0.00165902 0.000658983 -1.23984 0.0392956 -3.87723 0.373748 -0.000970195 0.000436764 -1.26821 0.0461466 -3.99823 0.392907 -0.000691934 0.000344683 -1.28968 0.0513801 -4.11421 0.400227 -0.000499428 0.000294925 -1.3226 0.052114 
85.5 -6.21814 nan -2.19482e-05 2.19482e-05 -1.45871 nan -6.21814 nan -9.71029e-05 9.71028e-05 -1.45871 inf -6.21814 nan -1.15003e-05 1.15003e-05 -1.45871 nan -6.21814 nan -2.87764e-06 2.87764e-06 -1.45871 nan 
86.5 -5.36009 1.21208 -0.000741 0.000607295 -1.40512 0.0757 -5.54287 0.953859 -0.000565561 0.000515227 -1.43075 0.0395247 -5.73045 0.688988 -0.000446015 0.000429079 -1.44616 0.0178912 -5.87805 0.480833 -0.000352124 0.000346486 -1.45321 0.00827831 
87.5 -6.21814 inf -0.000498484 0.000498483 -1.45871 1.45822 -6.21814 nan -0.000355844 0.000355843 -1.45871 nan -6.21814 nan -0.000229991 0.000229991 -1.45871 inf -6.21814 inf -0.00013688 0.00013688 -1.45871 32.6212 
88.5 -nan nan 0 0 -nan nan -nan nan 0 0 -nan nan -nan nan 0 0 -nan nan -nan nan 0 0 -nan nan 
89.5 -nan nan 0 0 -nan nan -nan nan 0 0 -nan nan -nan nan 0 0 -nan nan -nan nan 0 0 -nan nan 
90.5 -6.1253 0.135684 -0.00046661 0.000466162 -1.45835 0.00318881 -6.20023 0.0466445 -0.000309329 0.000309319 -1.45869 0.00316636 -6.21558 0.0402421 -0.000181424 0.000181424 -1.4587 0.003167 -6.20082 0.0462256 -9.56587e-05 9.56556e-05 -1.45869 0.0031664 
91.5 -nan nan 0 0 -nan nan -nan nan 0 0 -nan nan -nan nan 0 0 -nan nan -nan nan 0 0 -nan nan 
92.5 -nan nan 0 0 -nan nan -nan nan 0 0 -nan nan -nan nan 0 0 -nan nan -nan nan 0 0 -nan nan 
93.5 -nan nan 0 0 -nan nan -nan nan 0 0 -nan nan -nan nan 0 0 -nan nan -nan nan 0 0 -nan nan 
94.5 -nan nan 0 0 -nan nan -nan nan 0 0 -nan nan -nan nan 0 0 -nan nan -nan nan 0 0 -nan nan 
95.5 -nan nan 0 0 -nan nan -nan nan 0 0 -nan nan -nan nan 0 0 -nan nan -nan nan 0 0 -nan nan 
96.5 -nan nan 0 0 -nan nan -nan nan 0 0 -nan nan -nan nan 0 0 -nan nan -nan nan 0 0 -nan nan 
97.5 -nan nan 0 0 -nan nan -nan nan 0 0 -nan nan -nan nan 0 0 -nan nan -nan nan 0 0 -nan nan 
98.5 -nan nan 0 0 -nan nan -nan nan 0 0 -nan nan -nan nan 0 0 -nan nan -nan nan 0 0 -nan nan 
99.5 -nan nan 0 0 -nan nan -nan nan 0 0 -nan nan -nan nan 0 0 -nan nan -nan nan 0 0 -nan nan 
