0.5 0.219849 0.00298552 0.205634 0.00266907 0.227813 0.00296329 0.253569 0.00315969 
1.5 0.227778 0.00320306 0.212048 0.00281659 0.237637 0.00294734 0.250484 0.00312584 
2.5 0.235237 0.00323957 0.208786 0.0026916 0.23824 0.00309571 0.261745 0.00316295 
3.5 0.241762 0.00334242 0.218661 0.00294079 0.24122 0.00313949 0.267502 0.00340437 
4.5 0.251035 0.00333089 0.225219 0.00307677 0.253583 0.00344975 0.271047 0.00336914 
5.5 0.257616 0.00343526 0.227251 0.00323704 0.25513 0.00330249 0.274144 0.00354095 
6.5 0.26275 0.00351737 0.224441 0.00307892 0.255152 0.00325396 0.274112 0.00339205 
7.5 0.274972 0.00366672 0.229777 0.00294331 0.267341 0.00336817 0.281489 0.00353167 
8.5 0.281476 0.00343283 0.234324 0.00306069 0.265146 0.00329525 0.28908 0.00373232 
9.5 0.292432 0.00360368 0.241947 0.00306074 0.280551 0.00354658 0.294845 0.00374118 
10.5 0.307487 0.00353297 0.244868 0.00344686 0.284413 0.00348859 0.296278 0.00374 
11.5 0.315833 0.00370973 0.250735 0.00335144 0.291921 0.0036912 0.304156 0.00395742 
12.5 0.321686 0.00358799 0.250003 0.00326823 0.299537 0.00365176 0.310587 0.00386835 
13.5 0.341127 0.00377603 0.265416 0.00330318 0.314741 0.00373441 0.320874 0.00388924 
14.5 0.352397 0.0038493 0.268108 0.00329609 0.316107 0.00377998 0.324596 0.00381557 
15.5 0.361304 0.00369365 0.276559 0.00342791 0.322776 0.0038865 0.331708 0.00382553 
16.5 0.374698 0.00373547 0.284029 0.00362886 0.330346 0.00386317 0.339708 0.00398542 
17.5 0.387017 0.00377481 0.291988 0.00373149 0.341544 0.00395539 0.347184 0.00403116 
18.5 0.395789 0.00384456 0.305239 0.00366039 0.35162 0.00404075 0.357851 0.00400584 
19.5 0.405449 0.00378088 0.307737 0.00376026 0.355879 0.00407833 0.363731 0.00417882 
20.5 0.410591 0.00390157 0.306525 0.00377941 0.364303 0.00412587 0.365201 0.00425923 
21.5 0.420791 0.00380527 0.324501 0.0040501 0.369916 0.00417527 0.382069 0.00427012 
22.5 0.436905 0.00383776 0.333262 0.00402036 0.38721 0.00428442 0.389636 0.00422257 
23.5 0.4508 0.0040836 0.342253 0.00414615 0.395533 0.00431763 0.393035 0.00440891 
24.5 0.45187 0.00398348 0.346231 0.00415036 0.404941 0.00429962 0.401856 0.00439693 
25.5 0.463348 0.00403442 0.360441 0.00413368 0.414571 0.0043918 0.408618 0.00426915 
26.5 0.468103 0.00407746 0.366525 0.00427704 0.417072 0.00436505 0.41759 0.0043737 
27.5 0.466695 0.00417152 0.357794 0.00415663 0.421292 0.00446806 0.416741 0.00442379 
28.5 0.48611 0.00423115 0.376231 0.00438551 0.43592 0.00447901 0.42653 0.00446553 
29.5 0.495842 0.00425012 0.381052 0.00444937 0.43832 0.0045307 0.430718 0.00447025 
30.5 0.499133 0.00412532 0.390135 0.00427376 0.440334 0.00439494 0.441135 0.0044794 
31.5 0.500491 0.00435292 0.40177 0.00451608 0.450963 0.00458666 0.450688 0.00448501 
32.5 0.51339 0.00423671 0.406946 0.00446358 0.455421 0.00452937 0.454164 0.00446633 
33.5 0.520892 0.00439666 0.415998 0.00464147 0.470027 0.00462863 0.467075 0.00458836 
34.5 0.524522 0.00449767 0.429513 0.0046729 0.47079 0.00464408 0.460051 0.00447059 
35.5 0.534328 0.00444382 0.434805 0.00466239 0.474764 0.00477437 0.47006 0.00468112 
36.5 0.535317 0.00440707 0.443097 0.00465806 0.480066 0.00460701 0.476032 0.00452949 
37.5 0.542547 0.00452352 0.451192 0.00472328 0.485787 0.00468207 0.475653 0.00459681 
38.5 0.546651 0.0044632 0.464413 0.00481942 0.495025 0.00462158 0.481727 0.00453913 
39.5 0.560475 0.00443681 0.474965 0.0047729 0.50445 0.00463256 0.49315 0.00459838 
40.5 0.566832 0.0046512 0.483051 0.00492317 0.507791 0.00476615 0.494204 0.0046252 
41.5 0.5663 0.00460608 0.485038 0.00472113 0.506516 0.00462468 0.484333 0.00460608 
42.5 0.568333 0.00464389 0.495909 0.00492101 0.516048 0.00469621 0.501816 0.00472494 
43.5 0.581354 0.00451578 0.505731 0.00479549 0.520573 0.00459629 0.502928 0.00461498 
44.5 0.591838 0.0048049 0.51759 0.00496442 0.528268 0.00482371 0.506364 0.00470011 
45.5 0.603271 0.00470486 0.516427 0.00491156 0.53076 0.00456864 0.499263 0.00458752 
46.5 0.592988 0.00491361 0.517647 0.00500276 0.52517 0.00483518 0.494741 0.00483173 
47.5 0.60988 0.00479396 0.53423 0.00493909 0.533721 0.00477702 0.503269 0.00478998 
48.5 0.607324 0.0051042 0.542729 0.00510135 0.529996 0.00499874 0.506976 0.0049508 
49.5 0.607193 0.00527587 0.545921 0.00520088 0.528328 0.00506035 0.498192 0.00511861 
50.5 0.614123 0.00512425 0.541233 0.00517451 0.525969 0.00507872 0.490887 0.00501241 
51.5 0.619471 0.00529259 0.545575 0.00547078 0.521759 0.00535673 0.485345 0.00528732 
52.5 0.622893 0.00542607 0.555214 0.00544927 0.52282 0.00528953 0.484859 0.00534825 
53.5 0.628695 0.00552521 0.558641 0.00551524 0.532459 0.00537713 0.488473 0.00547391 
54.5 0.610467 0.00586718 0.542727 0.0057545 0.510349 0.00574612 0.467517 0.00568332 
55.5 0.605088 0.00610561 0.539982 0.00600217 0.500123 0.00588542 0.456831 0.00589576 
56.5 0.602748 0.00632567 0.530675 0.00618923 0.488935 0.00608664 0.443675 0.00601428 
57.5 0.584918 0.00663558 0.520795 0.00642008 0.479078 0.00623407 0.435614 0.00619973 
58.5 0.581611 0.00671726 0.509141 0.00652972 0.46361 0.00646904 0.418798 0.00634933 
59.5 0.567324 0.0069988 0.502372 0.00669338 0.457658 0.00651618 0.410704 0.006429 
60.5 0.55263 0.00733453 0.486937 0.00701723 0.437564 0.00684165 0.39488 0.00659023 
61.5 0.53867 0.0073914 0.468214 0.00709892 0.422101 0.0069619 0.376054 0.00684244 
62.5 0.510293 0.00789903 0.446196 0.00751221 0.397429 0.00726123 0.351244 0.00701528 
63.5 0.498807 0.00803882 0.433495 0.00768429 0.389705 0.00740707 0.346899 0.0072122 
64.5 0.47891 0.00819375 0.413278 0.00779696 0.364856 0.00751532 0.324934 0.00732052 
65.5 0.466107 0.00827646 0.400903 0.00778644 0.352213 0.00742185 0.311255 0.00711605 
66.5 0.424243 0.00879765 0.370768 0.0082415 0.330291 0.0078063 0.294753 0.00752076 
67.5 0.386064 0.00914185 0.333845 0.0085556 0.290291 0.00801249 0.257688 0.00764584 
68.5 0.383332 0.00910112 0.330736 0.00853251 0.288833 0.00812736 0.256741 0.00775218 
69.5 0.354908 0.00936284 0.302812 0.00864936 0.264904 0.00821757 0.233054 0.00787205 
70.5 0.328258 0.00949962 0.278473 0.00885388 0.2422 0.00833364 0.210826 0.00792941 
71.5 0.306309 0.00968836 0.261575 0.00905574 0.225371 0.00858659 0.198176 0.008191 
72.5 0.264602 0.00985444 0.225522 0.00913777 0.197366 0.00861363 0.173729 0.00815284 
73.5 0.241618 0.00973535 0.204642 0.00910763 0.175673 0.00842744 0.153275 0.00800589 
74.5 0.221744 0.0100264 0.187274 0.00911129 0.159204 0.00840042 0.137294 0.00786244 
75.5 0.195724 0.0101436 0.16265 0.00933718 0.137822 0.00881431 0.120279 0.00850727 
76.5 0.193857 0.010109 0.162051 0.00919494 0.137678 0.00846372 0.120086 0.00795913 
77.5 0.16345 0.0100122 0.134742 0.009172 0.113893 0.00852213 0.0992014 0.00802011 
78.5 0.126122 0.0100405 0.102129 0.00930859 0.085165 0.00877759 0.07305 0.00847935 
79.5 0.101571 0.0102203 0.0837917 0.0096451 0.0735251 0.0094601 0.0674334 0.00912531 
80.5 0.106269 0.0101756 0.0874391 0.00928024 0.072112 0.00824754 0.0609657 0.00741911 
81.5 0.0865572 0.0100873 0.0718613 0.00931004 0.0576653 0.00831425 0.0468005 0.00789477 
82.5 0.0851109 0.00968308 0.0664676 0.00819606 0.0491448 0.00680445 0.0388594 0.00605895 
83.5 0.0487111 0.0101573 0.0364047 0.00841003 0.0276678 0.00699006 0.0222603 0.0065652 
84.5 0.0552655 0.00989701 0.0455191 0.00928293 0.0405648 0.00887213 0.0363356 0.00853812 
85.5 0.0110075 0.0110048 0.0159642 0.0159602 0.00936521 0.00936286 0.00662367 0.00662201 
86.5 0.030781 0.0141032 0.0278218 0.0145511 0.02536 0.0151506 0.0233045 0.0155085 
87.5 0.0240299 0.0240239 0.0220879 0.0220824 0.0198047 0.0197997 0.017395 0.0173907 
88.5 0 0 0 0 0 0 0 0 
89.5 0 0 0 0 0 0 0 0 
90.5 0.0239945 0.0198318 0.0213894 0.0197607 0.018672 0.0181327 0.0159489 0.0147547 
91.5 0 0 0 0 0 0 0 0 
92.5 0 0 0 0 0 0 0 0 
93.5 0 0 0 0 0 0 0 0 
94.5 0 0 0 0 0 0 0 0 
95.5 0 0 0 0 0 0 0 0 
96.5 0 0 0 0 0 0 0 0 
97.5 0 0 0 0 0 0 0 0 
98.5 0 0 0 0 0 0 0 0 
99.5 0 0 0 0 0 0 0 0 
