0.5 -0.507478 0.102324 -0.000369823 0.000285798 1.06737 0.250022 0.27855 0.484646 2.56689e-05 0.000222246 1.90996 2.95287 0.430597 0.123797 0.000236027 0.000279375 -1.41125 0.503195 0.448329 0.104304 0.000362772 0.000345444 -1.33215 0.421466 
1.5 -0.552061 0.074886 -0.00055792 0.000292362 1.20709 0.15911 -0.338211 1.0191 -5.9767e-05 0.000231499 1.58224 7.78769 0.576201 0.0462236 0.000901602 0.000300183 0.849145 0.206734 0.653039 0.0284361 0.00180828 0.00034613 0.891657 0.0650502 
2.5 -0.526497 0.0785388 -0.000540153 0.000313286 1.27005 0.164031 -0.303618 1.31455 -4.54497e-05 0.000257752 0.934034 32.9687 0.430373 0.126848 0.000295586 0.000358524 -1.26366 0.553341 0.611027 0.0365549 0.00140852 0.000360124 0.713944 0.399871 
3.5 0.32341 0.294971 7.91977e-05 0.000320994 -1.90226 1.76748 -0.524307 0.102537 -0.00046023 0.000335524 1.17334 0.284099 0.504416 0.0819676 0.000546225 0.000364981 0.960405 0.241032 0.587793 0.0440983 0.00130301 0.000412183 -0.751543 0.496836 
4.5 -0.431019 0.143773 -0.000290181 0.0003598 1.60006 0.536464 0.543118 0.0654706 0.000592105 0.000296268 0.816646 1.51888 0.26599 0.512141 4.58454e-05 0.00039655 -2.25715 4.39011 0.594822 0.0417 0.00146231 0.000430668 0.762323 0.329146 
5.5 -0.537341 0.0728179 -0.000803527 0.000425309 1.28485 0.142093 -0.399294 0.212793 -0.000155844 0.000287766 1.5166 0.902196 0.59321 0.0433554 0.0012795 0.000391672 0.781145 0.286 0.625075 0.035642 0.00182215 0.000443942 0.833983 0.137933 
6.5 -0.423284 0.149184 -0.000366991 0.000491738 1.50661 0.492545 0.357359 0.211192 0.00011092 0.000272065 -1.66703 1.10674 0.537184 0.0571193 0.00095028 0.000420199 -1.06907 0.232024 0.60618 0.039309 0.00181891 0.000497984 0.824743 0.180034 
7.5 0.491132 0.0757986 0.000666448 0.00042318 -1.21901 0.292543 0.474141 0.0959937 0.000391764 0.000328036 -1.12141 0.401351 0.545189 0.0574311 0.00100336 0.00043836 -0.961759 0.291973 0.632268 0.0313622 0.00235992 0.000514956 0.633376 0.620971 
8.5 0.598849 0.0370868 0.00186939 0.000499605 -0.862096 0.249491 0.517107 0.0721409 0.000599489 0.000344878 -0.835693 0.658047 0.504636 0.0709755 0.000917505 0.000532838 -1.15919 0.274803 0.598245 0.0397049 0.00204248 0.000576401 -0.672665 0.750878 
9.5 0.572242 0.051175 0.00169966 0.000633564 -0.608941 3.91745 0.507799 0.0806817 0.000599009 0.000392326 0.961822 0.237526 0.509422 0.076122 0.000992235 0.000609168 -0.893706 0.553538 0.654413 0.0289597 0.00307887 0.000596376 0.899439 0.0586794 
10.5 0.695451 0.0214709 0.00459325 0.00066657 0.905195 0.0364138 0.519847 0.0673272 0.000778033 0.000416688 -1.04027 0.297098 0.604951 0.0358012 0.00224457 0.000577241 -0.860762 0.235868 0.704652 0.0201058 0.00466524 0.000627237 0.93871 0.0236502 
11.5 0.689594 0.023592 0.00496866 0.00076899 0.9366 0.0283994 0.568408 0.056722 0.00123663 0.000513349 0.924829 0.183279 0.62126 0.033957 0.00273389 0.00064594 0.716951 0.349858 0.677325 0.0227555 0.00458034 0.000731191 0.786019 0.122637 
12.5 0.703436 0.0201368 0.00550064 0.000744124 0.932784 0.0250061 0.627819 0.0329785 0.00205977 0.000471745 0.644889 0.593074 0.697573 0.0211281 0.00496395 0.000713997 0.893463 0.0404242 0.727532 0.0175753 0.00646066 0.000764641 0.947484 0.0165509 
13.5 0.744512 0.0156776 0.00896198 0.000960772 0.953043 0.0130415 0.544475 0.0538974 0.00132482 0.000546524 -1.03797 0.234331 0.690775 0.0205017 0.00497351 0.000717682 0.8478 0.0644939 0.714082 0.0181017 0.00622619 0.000774547 0.929489 0.0238618 
14.5 0.743197 0.0154461 0.00975516 0.0010255 0.962334 0.011484 0.576736 0.0456419 0.00166742 0.000552595 -0.741734 0.597931 0.699966 0.0204117 0.00614441 0.000843342 0.931956 0.0269044 0.730032 0.0164787 0.00778429 0.000906059 0.916659 0.0236008 
15.5 0.766308 0.0130421 0.0119937 0.00112422 0.955808 0.00980607 0.627313 0.031694 0.00274751 0.00060792 0.670107 0.482664 0.705773 0.0194749 0.00699842 0.000938871 0.901921 0.0341009 0.73462 0.0161936 0.00913833 0.00103802 0.927267 0.0195127 
16.5 0.776816 0.0122342 0.014181 0.00126717 0.957592 0.00851044 0.668382 0.0260022 0.00422134 0.000733074 0.905754 0.0478607 0.709331 0.0186457 0.00756103 0.00098234 0.900588 0.0336636 0.760863 0.0134756 0.0110608 0.00107926 0.945105 0.0122563 
17.5 0.802317 0.0100744 0.0193465 0.00147281 0.973349 0.0049276 0.58873 0.0412285 0.00257254 0.00076574 -0.854337 0.285004 0.736288 0.0159482 0.010427 0.00117914 0.920265 0.0214297 0.766279 0.0128138 0.0126892 0.00118308 0.95356 0.0100352 
18.5 0.829741 0.00852974 0.0221992 0.00147754 0.980646 0.00321246 0.714613 0.0178567 0.00654555 0.000813704 0.917049 0.0266364 0.801396 0.0100525 0.0147888 0.001139 0.969621 0.00530816 0.797275 0.010171 0.0149513 0.00119189 0.960839 0.00649151 
19.5 0.811585 0.00930704 0.0229512 0.001675 0.97247 0.00458328 0.648836 0.027843 0.00462151 0.000894895 0.692445 0.330437 0.739421 0.0150789 0.0118068 0.00128431 0.92396 0.0194624 0.794929 0.0104901 0.0162556 0.00132281 0.958851 0.00709487 
20.5 0.82974 0.00822806 0.0272797 0.00180969 0.978432 0.00329475 0.718842 0.0180154 0.00822725 0.00101021 0.935579 0.0208153 0.794302 0.010398 0.0177082 0.00138474 0.972559 0.00546759 0.799037 0.0102616 0.0176126 0.00139489 0.963895 0.00616211 
21.5 0.833025 0.00785318 0.0316442 0.0020401 0.97998 0.00300199 0.720125 0.0174509 0.00910957 0.00110688 0.920209 0.0245093 0.789978 0.0107961 0.0179857 0.00151128 0.952666 0.00821898 0.809829 0.00925735 0.0202599 0.00151467 0.965224 0.00532368 
22.5 0.837059 0.00770778 0.0353975 0.00228189 0.977432 0.00312273 0.73205 0.0162991 0.0109469 0.00125445 0.92478 0.0205689 0.826571 0.00827977 0.0261851 0.00180119 0.97149 0.00398374 0.820876 0.00872621 0.022673 0.00163811 0.965101 0.00490192 
23.5 0.852557 0.00668117 0.0424267 0.00247168 0.983199 0.00224556 0.752409 0.0141732 0.0132753 0.00134543 0.943863 0.0134264 0.82539 0.00829653 0.0273327 0.00188996 0.97075 0.00414731 0.832591 0.00801251 0.0259273 0.00172423 0.9749 0.0035242 
24.5 0.842688 0.00730786 0.0402074 0.00252424 0.977646 0.00294435 0.754477 0.0137642 0.0147098 0.00145994 0.945833 0.0126435 0.824309 0.008452 0.0278527 0.00194003 0.970869 0.00412927 0.822651 0.00872893 0.0251131 0.00179117 0.968143 0.00459392 
25.5 0.859623 0.00617481 0.0487585 0.00276517 0.982085 0.00212875 0.773776 0.0118365 0.019526 0.00177134 0.942652 0.0111217 0.8305 0.00798108 0.0314077 0.00215079 0.968338 0.00419293 0.840001 0.00733574 0.0305246 0.00194019 0.976241 0.00308455 
26.5 0.868561 0.00589194 0.0595823 0.00328102 0.982272 0.00199833 0.776597 0.0116874 0.02136 0.00192383 0.941934 0.0112019 0.840559 0.00721279 0.0362593 0.00231725 0.973959 0.00323435 0.85189 0.00676482 0.0359809 0.00218692 0.976864 0.00275737 
27.5 0.864668 0.00611175 0.0553574 0.0030958 0.982401 0.00207502 0.793561 0.0107116 0.0225025 0.00186592 0.95534 0.00770145 0.844541 0.00718233 0.0358999 0.00226125 0.975454 0.00309101 0.844035 0.00741149 0.0319496 0.00203859 0.97489 0.00317632 
28.5 0.862499 0.00611755 0.0595207 0.00337179 0.981138 0.00218652 0.809174 0.00937574 0.0290446 0.00223685 0.957154 0.00647357 0.839669 0.00749107 0.0372669 0.00245104 0.970456 0.00373033 0.843708 0.0074042 0.0332492 0.00216137 0.971063 0.00361736 
29.5 0.872863 0.00567194 0.0724085 0.00394325 0.981479 0.00198257 0.821827 0.00864016 0.0341093 0.00246305 0.963952 0.00501913 0.852041 0.00684612 0.043067 0.00266955 0.97382 0.00304982 0.853757 0.00673805 0.0372539 0.00224873 0.977369 0.00267593 
30.5 0.874118 0.00554757 0.0712988 0.00382328 0.982529 0.00187281 0.82592 0.00842082 0.03528 0.00246835 0.968848 0.00443677 0.847887 0.00719389 0.0425529 0.00269791 0.97329 0.00332233 0.854241 0.00685844 0.0373557 0.00225935 0.977751 0.0027683 
31.5 0.865892 0.00607594 0.0709097 0.00405143 0.978733 0.00236859 0.821942 0.00858094 0.0391155 0.00284534 0.961097 0.00540997 0.850547 0.00700392 0.0434661 0.00270991 0.974328 0.00313053 0.837043 0.00788804 0.0331554 0.00223829 0.96886 0.00406627 
32.5 0.873483 0.00578245 0.0813296 0.00452073 0.979132 0.00225214 0.83218 0.00816124 0.0447748 0.00315705 0.962043 0.00504433 0.852116 0.00714518 0.0471466 0.00301173 0.970198 0.0036311 0.8259 0.0086043 0.0323313 0.00235089 0.960154 0.00556315 
33.5 0.87853 0.00557003 0.0865641 0.00470923 0.979695 0.00210127 0.854121 0.00680051 0.051551 0.00316001 0.97498 0.00301235 0.842723 0.00753185 0.0430354 0.00285875 0.967676 0.00410778 0.831223 0.0083144 0.0328392 0.00231538 0.963945 0.00490811 
34.5 0.883015 0.00550945 0.0921062 0.00492978 0.980421 0.00209333 0.82898 0.00846072 0.0445148 0.00323156 0.958016 0.0057871 0.841317 0.00770895 0.0426911 0.00287975 0.966104 0.00436292 0.819862 0.0092019 0.0295194 0.00223752 0.956372 0.00648262 
35.5 0.873894 0.00620551 0.0945389 0.00550092 0.974694 0.00289121 0.839056 0.00814961 0.0525971 0.00369896 0.960499 0.00537836 0.834574 0.00835365 0.0432868 0.0030992 0.959074 0.00566765 0.817596 0.00958908 0.0309616 0.00244051 0.94851 0.0080746 
36.5 0.871246 0.00626164 0.089305 0.00522652 0.974782 0.00290461 0.832561 0.00863221 0.0500489 0.00368151 0.95482 0.00643489 0.817426 0.00972278 0.0369112 0.00295609 0.944326 0.00887655 0.787503 0.0116965 0.0238033 0.00219884 0.921041 0.0152758 
37.5 0.839807 0.00866517 0.072927 0.00541238 0.950147 0.00720896 0.805693 0.0109218 0.0401064 0.00352674 0.925392 0.0135451 0.79501 0.0116637 0.0298792 0.00276249 0.915876 0.0164652 0.74141 0.0161752 0.0161484 0.00197006 0.80241 0.0738474 
38.5 0.843419 0.00832474 0.0756643 0.00545836 0.953907 0.00643313 0.80581 0.0107804 0.0415866 0.00363142 0.926456 0.0131645 0.787689 0.0123325 0.0301226 0.00291917 0.902512 0.0205727 0.72618 0.0182433 0.0150527 0.00203908 0.672801 0.241964 
39.5 0.810311 0.0110778 0.0613447 0.00552922 0.912199 0.0165754 0.772291 0.0141301 0.0334003 0.00365491 0.847437 0.0428732 0.737448 0.0172873 0.0205312 0.00267277 0.697397 0.187634 0.623509 0.0340184 0.00692845 0.00176797 -1.13735 0.113676 
40.5 0.781039 0.0141995 0.0497306 0.00548089 0.832268 0.0497872 0.717606 0.0202989 0.0218845 0.00330809 -0.785749 0.169507 0.636904 0.0329755 0.00962077 0.00237292 -1.13788 0.108615 0.219942 1.00864 8.98001e-05 0.00154112 -3.70502 18.8934 
41.5 0.770289 0.0153194 0.0477258 0.00562418 0.778813 0.0854979 0.675978 0.0262638 0.017188 0.00336316 -1.02033 0.0997211 0.574003 0.0475992 0.00620593 0.00231393 -1.34094 0.152918 -0.482624 0.0940435 -0.00200909 0.00148392 1.74022 0.306965 
42.5 0.671385 0.0284506 0.0232063 0.00491472 -1.0766 0.0982108 0.541561 0.0602501 0.00620547 0.00303072 -1.47131 0.204031 -0.357646 0.232055 -0.000802407 0.00203938 2.34449 1.47899 -0.657794 0.0431752 -0.00610244 0.00134451 1.34934 0.0693205 
43.5 0.507859 0.0783765 0.00679877 0.00451 -1.61959 0.290655 -0.514976 0.0835498 -0.00432596 0.00261324 1.67992 0.242102 -0.668305 0.0429248 -0.00846685 0.00180268 1.34434 0.0668884 -0.803701 0.0288468 -0.0109902 0.00114184 1.15895 0.0297948 
44.5 -0.341628 0.286474 -0.00126223 0.00414929 2.52132 2.0742 -0.681028 0.0418174 -0.0113068 0.00225024 1.33588 0.0630021 -0.798425 0.0298425 -0.0133327 0.00141273 1.17646 0.0313392 -0.901821 0.0246089 -0.0135726 0.000991861 1.06703 0.0214963 
45.5 -0.702111 0.0407437 -0.0180016 0.00326212 1.32425 0.0581714 -0.821845 0.0293505 -0.0191248 0.00179618 1.16865 0.0291769 -0.905724 0.0249893 -0.0179544 0.00117013 1.08313 0.021127 -0.994691 0.0226331 -0.0156604 0.000831361 1.00464 0.01815 
46.5 -0.789639 0.0325419 -0.0265352 0.00294737 1.21853 0.0355864 -0.886739 0.0264284 -0.0244351 0.00168132 1.11149 0.0229264 -0.96757 0.0236216 -0.021086 0.00112878 1.03571 0.0187216 -1.05398 0.0220646 -0.0177128 0.000918382 0.955758 0.0181666 
47.5 -0.891853 0.0273683 -0.0375485 0.00246066 1.12351 0.0234866 -0.990558 0.0237347 -0.0311694 0.00139321 1.03153 0.0180453 -1.05282 0.0227452 -0.0248524 0.00106016 0.978305 0.0173513 -1.13143 0.0221277 -0.0196441 0.000932616 0.904859 0.0195156 
48.5 -1.04347 0.0240397 -0.0450702 0.00155972 1.00711 0.0172269 -1.12223 0.0230958 -0.0332805 0.00117714 0.940342 0.0175424 -1.17439 0.0227558 -0.0235527 0.00100285 0.886053 0.0200924 -1.23756 0.0228575 -0.0172418 0.000899694 0.806116 0.0287154 
49.5 -1.14838 0.0239624 -0.0491268 0.0014112 0.936511 0.0175329 -1.20987 0.0237139 -0.0330589 0.00123886 0.875292 0.0206365 -1.26893 0.0238591 -0.0221934 0.00107707 0.796541 0.0297116 -1.32638 0.0244717 -0.0152718 0.000904594 0.669405 0.0692409 
50.5 -1.21051 0.0245833 -0.0477401 0.00147892 0.892522 0.0194067 -1.28226 0.0245814 -0.0296885 0.00131996 0.80267 0.028382 -1.34416 0.0251607 -0.019472 0.00108249 0.674351 0.0651527 -1.40835 0.0264456 -0.012429 0.00083767 -0.634992 0.0894172 
51.5 -1.32366 0.0260827 -0.0465701 0.00182704 0.788064 0.0308594 -1.3847 0.0269503 -0.0303889 0.00152418 0.662931 0.0705616 -1.44391 0.0276325 -0.0202415 0.00127019 -0.649304 0.0754617 -1.50024 0.0287237 -0.0132518 0.00101283 -0.781623 0.03135 
52.5 -1.3917 0.0278374 -0.0427006 0.00190426 0.698409 0.0546043 -1.45508 0.0286777 -0.0257618 0.00151109 -0.611708 0.101032 -1.52617 0.0300231 -0.015946 0.00117863 -0.783151 0.030897 -1.58987 0.0316009 -0.0100547 0.000901704 -0.857836 0.0212632 
53.5 -1.49966 0.0307684 -0.039826 0.00220727 -0.651637 0.0743408 -1.57356 0.0325039 -0.0235356 0.00163289 -0.788359 0.0299851 -1.63654 0.0340904 -0.0143305 0.00120525 -0.856193 0.0214639 -1.72239 0.0371933 -0.0090161 0.000939961 -0.917399 0.0175633 
54.5 -1.5946 0.0339604 -0.0344419 0.00231174 -0.788163 0.0301026 -1.66795 0.0355263 -0.0200854 0.00168487 -0.864824 0.0203667 -1.75395 0.0383762 -0.0119771 0.00120301 -0.918106 0.0170128 -1.84594 0.042121 -0.00706598 0.000844086 -0.962398 0.0158581 
55.5 -1.73164 0.0398064 -0.0300244 0.00246505 -0.874271 0.0201146 -1.80224 0.0419138 -0.0179129 0.00179229 -0.923504 0.0169076 -1.8652 0.0442892 -0.0112467 0.00129642 -0.95713 0.0157784 -1.94856 0.0476516 -0.00726169 0.000956883 -0.990351 0.0153168 
56.5 -1.82856 0.0450776 -0.0244844 0.00226344 -0.913086 0.0178798 -1.90567 0.0479361 -0.0143267 0.00157434 -0.953655 0.016271 -1.99573 0.052059 -0.00853891 0.00109993 -0.990085 0.0160762 -2.08248 0.0577968 -0.00512633 0.000754339 -1.01808 0.0168169 
57.5 -2.01613 0.0568363 -0.0167839 0.0019666 -0.974542 0.0162287 -2.14537 0.0633169 -0.00870601 0.00128397 -1.02325 0.0163185 -2.23997 0.0690861 -0.00485821 0.000841069 -1.0553 0.0170608 -2.33233 0.0769709 -0.00271978 0.000542025 -1.08238 0.0186217 
58.5 -2.20929 0.0726717 -0.0131318 0.00184284 -1.01842 0.0168001 -2.30908 0.0779301 -0.0068929 0.00120472 -1.05905 0.0170433 -2.42352 0.0854146 -0.0039523 0.000829352 -1.09544 0.0188942 -2.57209 0.0985665 -0.00237292 0.000587675 -1.12994 0.0227034 
59.5 -2.47548 0.100041 -0.00965416 0.00168086 -1.06772 0.0189982 -2.56088 0.107524 -0.00570992 0.00116145 -1.09471 0.0201783 -2.67367 0.117329 -0.00330909 0.000834548 -1.1334 0.0220746 -2.83125 0.132773 -0.00201109 0.000618631 -1.17386 0.0246983 
60.5 -2.50152 0.101758 -0.00862591 0.00155029 -1.07459 0.01918 -2.61658 0.112175 -0.00431348 0.000900045 -1.10333 0.020926 -2.71446 0.122158 -0.00208364 0.000508043 -1.13111 0.0239972 -2.79639 0.1351 -0.00104568 0.000299906 -1.15852 0.0310302 
61.5 -2.69844 0.124411 -0.00522273 0.00117094 -1.11641 0.0206453 -2.93907 0.143081 -0.0022065 0.000654227 -1.17416 0.0261632 -3.10411 0.167353 -0.00102991 0.000346561 -1.20045 0.030873 -3.24606 0.201729 -0.000476732 0.000180328 -1.22137 0.0367691 
62.5 -2.91093 0.157602 -0.00438559 0.00108557 -1.14124 0.0243129 -3.11327 0.179095 -0.00200555 0.000607163 -1.18297 0.0293316 -3.27984 0.205536 -0.0010861 0.000387283 -1.21439 0.0346391 -3.54083 0.275383 -0.000629844 0.000295116 -1.26457 0.0526536 
63.5 -3.27097 0.220249 -0.00311911 0.000993446 -1.19409 0.0316841 -3.33995 0.231441 -0.00184732 0.000647325 -1.21076 0.0344275 -3.35829 0.236418 -0.0010792 0.000421523 -1.22678 0.0389695 -3.58347 0.266961 -0.000576918 0.000287906 -1.27896 0.0402496 
64.5 -3.66533 0.315324 -0.00210227 0.000826342 -1.24067 0.0415005 -3.78808 0.340004 -0.00110039 0.000484139 -1.2624 0.0439111 -3.95268 0.373083 -0.000583556 0.000289524 -1.28812 0.049671 -4.19757 0.459779 -0.000325942 0.000177118 -1.31084 0.0618487 
65.5 -4.23263 0.513403 -0.00120313 0.000623917 -1.30156 0.0597796 -4.37846 0.564383 -0.000572782 0.000323135 -1.32071 0.0680252 -4.37577 0.559043 -0.000251594 0.00014392 -1.32183 0.063368 -4.38362 0.574249 -9.94476e-05 5.65575e-05 -1.31961 0.0595062 
66.5 -4.42088 0.563945 -0.00039276 0.00024052 -1.33218 0.0541886 -5.17219 0.683299 -0.000278069 0.00025761 -1.43375 0.0818607 -5.72326 0.992152 -0.000247937 0.00024497 -1.45442 0.0936487 -5.96752 1.25973 -0.000180017 0.000179567 -1.45777 0.104262 
67.5 -4.65673 0.610182 -0.000422102 0.000300148 -1.36486 0.0528705 -5.53085 0.661048 -0.000155704 0.000150632 -1.44752 0.0542801 -6.08976 0.845117 -8.48079e-05 8.4728e-05 -1.45835 0.0525766 -6.20127 0.987184 -5.30606e-05 5.30598e-05 -1.4587 0.0801182 
68.5 -6.21814 nan -1.69816e-05 1.69815e-05 -1.45871 nan -6.21814 nan -4.43981e-06 4.4398e-06 -1.45871 nan -6.21814 nan -3.8243e-06 3.82429e-06 -1.45871 nan -6.21814 nan -1.16447e-06 1.16447e-06 -1.45871 nan 
69.5 -6.21814 nan -1.53638e-05 1.53638e-05 -1.45871 inf -6.21814 nan -5.45818e-05 5.45817e-05 -1.45871 nan -6.21814 nan -2.82531e-06 2.82531e-06 -1.45871 nan -6.21814 inf -9.85358e-07 9.85357e-07 -1.45871 1.45822 
70.5 -nan nan 0 0 -nan nan -nan nan 0 0 -nan nan -nan nan 0 0 -nan nan -nan nan 0 0 -nan nan 
71.5 -nan nan 0 0 -nan nan -nan nan 0 0 -nan nan -nan nan 0 0 -nan nan -nan nan 0 0 -nan nan 
72.5 -nan nan 0 0 -nan nan -nan nan 0 0 -nan nan -nan nan 0 0 -nan nan -nan nan 0 0 -nan nan 
73.5 -nan nan 0 0 -nan nan -nan nan 0 0 -nan nan -nan nan 0 0 -nan nan -nan nan 0 0 -nan nan 
74.5 -nan nan 0 0 -nan nan -nan nan 0 0 -nan nan -nan nan 0 0 -nan nan -nan nan 0 0 -nan nan 
75.5 -nan nan 0 0 -nan nan -nan nan 0 0 -nan nan -nan nan 0 0 -nan nan -nan nan 0 0 -nan nan 
76.5 -nan nan 0 0 -nan nan -nan nan 0 0 -nan nan -nan nan 0 0 -nan nan -nan nan 0 0 -nan nan 
77.5 -nan nan 0 0 -nan nan -nan nan 0 0 -nan nan -nan nan 0 0 -nan nan -nan nan 0 0 -nan nan 
78.5 -nan nan 0 0 -nan nan -nan nan 0 0 -nan nan -nan nan 0 0 -nan nan -nan nan 0 0 -nan nan 
79.5 -nan nan 0 0 -nan nan -nan nan 0 0 -nan nan -nan nan 0 0 -nan nan -nan nan 0 0 -nan nan 
80.5 -nan nan 0 0 -nan nan -nan nan 0 0 -nan nan -nan nan 0 0 -nan nan -nan nan 0 0 -nan nan 
81.5 -nan nan 0 0 -nan nan -nan nan 0 0 -nan nan -nan nan 0 0 -nan nan -nan nan 0 0 -nan nan 
82.5 -nan nan 0 0 -nan nan -nan nan 0 0 -nan nan -nan nan 0 0 -nan nan -nan nan 0 0 -nan nan 
83.5 -nan nan 0 0 -nan nan -nan nan 0 0 -nan nan -nan nan 0 0 -nan nan -nan nan 0 0 -nan nan 
84.5 -nan nan 0 0 -nan nan -nan nan 0 0 -nan nan -nan nan 0 0 -nan nan -nan nan 0 0 -nan nan 
85.5 -nan nan 0 0 -nan nan -nan nan 0 0 -nan nan -nan nan 0 0 -nan nan -nan nan 0 0 -nan nan 
86.5 -nan nan 0 0 -nan nan -nan nan 0 0 -nan nan -nan nan 0 0 -nan nan -nan nan 0 0 -nan nan 
87.5 -nan nan 0 0 -nan nan -nan nan 0 0 -nan nan -nan nan 0 0 -nan nan -nan nan 0 0 -nan nan 
88.5 -nan nan 0 0 -nan nan -nan nan 0 0 -nan nan -nan nan 0 0 -nan nan -nan nan 0 0 -nan nan 
89.5 -nan nan 0 0 -nan nan -nan nan 0 0 -nan nan -nan nan 0 0 -nan nan -nan nan 0 0 -nan nan 
90.5 -nan nan 0 0 -nan nan -nan nan 0 0 -nan nan -nan nan 0 0 -nan nan -nan nan 0 0 -nan nan 
91.5 -nan nan 0 0 -nan nan -nan nan 0 0 -nan nan -nan nan 0 0 -nan nan -nan nan 0 0 -nan nan 
92.5 -nan nan 0 0 -nan nan -nan nan 0 0 -nan nan -nan nan 0 0 -nan nan -nan nan 0 0 -nan nan 
93.5 -nan nan 0 0 -nan nan -nan nan 0 0 -nan nan -nan nan 0 0 -nan nan -nan nan 0 0 -nan nan 
94.5 -nan nan 0 0 -nan nan -nan nan 0 0 -nan nan -nan nan 0 0 -nan nan -nan nan 0 0 -nan nan 
95.5 -nan nan 0 0 -nan nan -nan nan 0 0 -nan nan -nan nan 0 0 -nan nan -nan nan 0 0 -nan nan 
96.5 -nan nan 0 0 -nan nan -nan nan 0 0 -nan nan -nan nan 0 0 -nan nan -nan nan 0 0 -nan nan 
97.5 -nan nan 0 0 -nan nan -nan nan 0 0 -nan nan -nan nan 0 0 -nan nan -nan nan 0 0 -nan nan 
98.5 -nan nan 0 0 -nan nan -nan nan 0 0 -nan nan -nan nan 0 0 -nan nan -nan nan 0 0 -nan nan 
99.5 -nan nan 0 0 -nan nan -nan nan 0 0 -nan nan -nan nan 0 0 -nan nan -nan nan 0 0 -nan nan 
