0.5 0.273263 0.00364911 0.255534 0.00329452 0.287852 0.00365761 0.307831 0.00389924 
1.5 0.278392 0.00376352 0.259973 0.00338374 0.300732 0.00366806 0.315775 0.00369307 
2.5 0.289557 0.00388557 0.27043 0.00351192 0.304667 0.00387148 0.317052 0.0038031 
3.5 0.291692 0.00375117 0.279356 0.00374656 0.303077 0.00379013 0.32323 0.00392208 
4.5 0.30281 0.00398261 0.287214 0.00354864 0.309356 0.00399027 0.328755 0.00397596 
5.5 0.313329 0.00421727 0.27982 0.00366415 0.318824 0.00385884 0.330532 0.00393411 
6.5 0.326988 0.00429569 0.287176 0.00368306 0.326844 0.00404643 0.340684 0.00409697 
7.5 0.327147 0.00410529 0.296721 0.00373865 0.32645 0.00403038 0.348597 0.0041315 
8.5 0.347223 0.00419097 0.302597 0.00377034 0.344885 0.00431252 0.355353 0.00429044 
9.5 0.354822 0.00433505 0.308082 0.0038491 0.348398 0.00435073 0.359953 0.0042058 
10.5 0.374337 0.00423628 0.321273 0.00399969 0.359802 0.0043295 0.370889 0.00416255 
11.5 0.385005 0.00437915 0.329913 0.00403723 0.368063 0.00439032 0.384085 0.00441258 
12.5 0.387149 0.00434992 0.339328 0.00403231 0.380511 0.00429805 0.389688 0.00427479 
13.5 0.413265 0.00444726 0.350398 0.0043271 0.384441 0.00436822 0.393376 0.00437523 
14.5 0.422868 0.00455774 0.350376 0.00427253 0.399985 0.0045084 0.406877 0.00445123 
15.5 0.431852 0.00451934 0.364964 0.00433823 0.409812 0.00459451 0.420876 0.00458116 
16.5 0.44423 0.00457982 0.381362 0.00441158 0.415715 0.00464502 0.426226 0.00449334 
17.5 0.464842 0.00459912 0.382538 0.00463967 0.434003 0.00471515 0.437998 0.00458382 
18.5 0.465202 0.004362 0.39803 0.00442465 0.435147 0.00431228 0.438593 0.00437743 
19.5 0.479587 0.00466537 0.401847 0.00471292 0.445801 0.00482603 0.449182 0.00450089 
20.5 0.489799 0.00459262 0.418968 0.00463776 0.459259 0.00460677 0.45592 0.00453667 
21.5 0.506309 0.00471324 0.429009 0.00474267 0.463572 0.00468302 0.465871 0.00454685 
22.5 0.518187 0.00477984 0.441857 0.00482327 0.486669 0.00459435 0.472715 0.00451557 
23.5 0.532337 0.00472661 0.451136 0.00480808 0.492619 0.00466212 0.481956 0.00449081 
24.5 0.531385 0.0048369 0.461589 0.00490666 0.495594 0.00470089 0.483904 0.00460575 
25.5 0.546644 0.00476146 0.483101 0.00500265 0.506897 0.00474498 0.497603 0.00455856 
26.5 0.568825 0.00482708 0.492272 0.00507666 0.519143 0.00474957 0.511251 0.00454725 
27.5 0.560977 0.00481618 0.488065 0.00490163 0.51541 0.00467035 0.500906 0.00454454 
28.5 0.572676 0.00494766 0.510181 0.00498532 0.523266 0.00479734 0.506119 0.00459545 
29.5 0.594294 0.00497625 0.522923 0.00498551 0.534658 0.00475352 0.514587 0.00455447 
30.5 0.591154 0.00493018 0.52474 0.00496055 0.535666 0.0048136 0.514646 0.00454912 
31.5 0.595954 0.00509796 0.541061 0.00515719 0.536833 0.00479145 0.509789 0.00470246 
32.5 0.611375 0.00510913 0.552766 0.00515518 0.546844 0.00486086 0.513427 0.00485373 
33.5 0.617416 0.0050751 0.557879 0.00493281 0.54047 0.00491906 0.51213 0.00478632 
34.5 0.623884 0.00504989 0.554092 0.00520381 0.540287 0.00493402 0.505575 0.00483929 
35.5 0.634518 0.00529547 0.570755 0.00524014 0.546543 0.00506986 0.513059 0.0049331 
36.5 0.627449 0.00528053 0.56811 0.00529372 0.536218 0.00515748 0.498778 0.00505852 
37.5 0.618789 0.005671 0.555436 0.00546201 0.522961 0.00523917 0.48081 0.00519272 
38.5 0.621841 0.00564992 0.56041 0.00550977 0.528893 0.00536225 0.482347 0.00529841 
39.5 0.614175 0.00598841 0.55355 0.005744 0.513301 0.00556891 0.462718 0.00551175 
40.5 0.604621 0.00619343 0.535979 0.00593977 0.491732 0.00581073 0.4426 0.00571565 
41.5 0.606785 0.00631416 0.535641 0.00615957 0.488976 0.00596871 0.438673 0.00582346 
42.5 0.58134 0.00670862 0.518258 0.00640555 0.470593 0.00613372 0.4249 0.00598588 
43.5 0.565411 0.00706233 0.498005 0.00666113 0.453895 0.00642721 0.402863 0.00620125 
44.5 0.551737 0.00718135 0.478817 0.00682406 0.425594 0.00652587 0.378482 0.0063083 
45.5 0.521702 0.00751995 0.45249 0.00705999 0.404154 0.00675928 0.355642 0.00646956 
46.5 0.511125 0.00778771 0.445869 0.00733382 0.393837 0.00697612 0.346129 0.00669052 
47.5 0.493577 0.00815427 0.424182 0.00768439 0.377128 0.00728048 0.330887 0.00695156 
48.5 0.441564 0.00844113 0.380598 0.00791516 0.333578 0.00734975 0.292805 0.00692768 
49.5 0.409962 0.00877452 0.352437 0.00808073 0.304171 0.00745764 0.265036 0.00693857 
50.5 0.386147 0.00885963 0.32372 0.0080582 0.277907 0.00742448 0.237083 0.00681416 
51.5 0.350953 0.00915825 0.301525 0.00843568 0.261229 0.00781603 0.226156 0.00720886 
52.5 0.326636 0.00921079 0.275332 0.00834204 0.232842 0.00763887 0.199174 0.00700946 
53.5 0.297885 0.00948735 0.248913 0.00860346 0.211416 0.00782543 0.178906 0.00725488 
54.5 0.270159 0.00955448 0.225703 0.00863966 0.188612 0.00790345 0.157063 0.00722932 
55.5 0.240387 0.00983987 0.202991 0.00893763 0.174594 0.00819147 0.149811 0.00762851 
56.5 0.216328 0.0097807 0.181547 0.00886376 0.152317 0.00811304 0.128491 0.00742252 
57.5 0.178527 0.00969142 0.142381 0.00870721 0.117863 0.00783805 0.0979135 0.00704801 
58.5 0.153225 0.0099134 0.124785 0.00880266 0.103459 0.00802986 0.0858093 0.00749791 
59.5 0.126625 0.0102348 0.107342 0.00928388 0.0897055 0.00846443 0.0747962 0.00793081 
60.5 0.121828 0.0100538 0.0979428 0.00884166 0.0787086 0.00765223 0.064306 0.00664462 
61.5 0.0996234 0.0095649 0.0737422 0.0084266 0.0577116 0.00737928 0.045521 0.00638839 
62.5 0.0884047 0.00988492 0.0679738 0.00872781 0.0553497 0.00792539 0.0447407 0.00755447 
63.5 0.0722488 0.0102635 0.062072 0.00921839 0.0539706 0.00812361 0.0432489 0.00750685 
64.5 0.0584197 0.0105423 0.0480803 0.00932948 0.0393214 0.00839184 0.0320101 0.00781359 
65.5 0.0440015 0.0108983 0.0353326 0.00947906 0.028782 0.00771756 0.0227806 0.00612794 
66.5 0.0318437 0.00877981 0.0249668 0.0108094 0.0219251 0.0132529 0.0194104 0.013922 
67.5 0.0307803 0.0097062 0.0201968 0.0107867 0.0157583 0.0125558 0.013763 0.0127465 
68.5 0.0103237 0.0103211 0.00738211 0.00738026 0.00711177 0.00710999 0.0052829 0.00528157 
69.5 0.0100685 0.010066 0.013823 0.0138195 0.00659335 0.0065917 0.00506685 0.00506558 
70.5 0 0 0 0 0 0 0 0 
71.5 0 0 0 0 0 0 0 0 
72.5 0 0 0 0 0 0 0 0 
73.5 0 0 0 0 0 0 0 0 
74.5 0 0 0 0 0 0 0 0 
75.5 0 0 0 0 0 0 0 0 
76.5 0 0 0 0 0 0 0 0 
77.5 0 0 0 0 0 0 0 0 
78.5 0 0 0 0 0 0 0 0 
79.5 0 0 0 0 0 0 0 0 
80.5 0 0 0 0 0 0 0 0 
81.5 0 0 0 0 0 0 0 0 
82.5 0 0 0 0 0 0 0 0 
83.5 0 0 0 0 0 0 0 0 
84.5 0 0 0 0 0 0 0 0 
85.5 0 0 0 0 0 0 0 0 
86.5 0 0 0 0 0 0 0 0 
87.5 0 0 0 0 0 0 0 0 
88.5 0 0 0 0 0 0 0 0 
89.5 0 0 0 0 0 0 0 0 
90.5 0 0 0 0 0 0 0 0 
91.5 0 0 0 0 0 0 0 0 
92.5 0 0 0 0 0 0 0 0 
93.5 0 0 0 0 0 0 0 0 
94.5 0 0 0 0 0 0 0 0 
95.5 0 0 0 0 0 0 0 0 
96.5 0 0 0 0 0 0 0 0 
97.5 0 0 0 0 0 0 0 0 
98.5 0 0 0 0 0 0 0 0 
99.5 0 0 0 0 0 0 0 0 
