0.5 0.3831 0.00465213 0.389025 0.0046319 0.430611 0.00468772 0.449734 0.00468259 
1.5 0.393038 0.00490459 0.408796 0.00474425 0.443694 0.00487989 0.460767 0.00464033 
2.5 0.40144 0.00490315 0.412112 0.00492174 0.448232 0.0048095 0.466091 0.00479257 
3.5 0.411058 0.00501842 0.424488 0.00495858 0.449641 0.00490901 0.463618 0.00488308 
4.5 0.41784 0.00496274 0.433229 0.00494917 0.463785 0.004932 0.477285 0.00474855 
5.5 0.436414 0.00520237 0.439426 0.00515491 0.47085 0.00486186 0.489333 0.00480009 
6.5 0.442248 0.00529777 0.444039 0.00512095 0.474454 0.00500897 0.494688 0.00479376 
7.5 0.458206 0.00544926 0.454638 0.00512464 0.494686 0.0049586 0.503805 0.00498672 
8.5 0.45381 0.00517432 0.461191 0.00512479 0.492101 0.00503179 0.509597 0.00477459 
9.5 0.481348 0.00536362 0.469912 0.00519281 0.50914 0.00510257 0.515505 0.00489131 
10.5 0.501353 0.00537855 0.484762 0.00519975 0.511355 0.00492852 0.523274 0.00484033 
11.5 0.502691 0.00524082 0.496586 0.00524996 0.522501 0.00498772 0.532858 0.00484394 
12.5 0.528525 0.0053987 0.511493 0.00538968 0.534866 0.00514994 0.538183 0.00491243 
13.5 0.537982 0.00539807 0.516332 0.00540052 0.541948 0.00524633 0.546178 0.00478638 
14.5 0.552225 0.00554897 0.536014 0.0054147 0.563697 0.00508564 0.563202 0.00479977 
15.5 0.557656 0.00532661 0.532998 0.00528856 0.546989 0.00504064 0.55827 0.00466863 
16.5 0.582195 0.00540538 0.565616 0.00531375 0.577285 0.00513794 0.577948 0.00471204 
17.5 0.585896 0.00527016 0.556443 0.00529793 0.572389 0.00506318 0.564503 0.00482502 
18.5 0.600533 0.00537193 0.578095 0.0053313 0.589155 0.00499029 0.583843 0.00474317 
19.5 0.61303 0.00535972 0.595057 0.00516348 0.593472 0.00483515 0.586457 0.00471466 
20.5 0.634613 0.00531301 0.598901 0.00526462 0.598539 0.0048642 0.588055 0.00464926 
21.5 0.630481 0.005378 0.598089 0.00516653 0.600172 0.00493827 0.586654 0.00474183 
22.5 0.647377 0.00543886 0.605533 0.00531557 0.605244 0.00495996 0.579165 0.00485775 
23.5 0.658807 0.00538752 0.619066 0.00529483 0.611963 0.00484952 0.585422 0.00479226 
24.5 0.66101 0.00541353 0.616744 0.00541942 0.603213 0.0051392 0.581276 0.00486736 
25.5 0.670502 0.00552862 0.62456 0.00542761 0.616405 0.00515272 0.579304 0.00509444 
26.5 0.665618 0.00557827 0.620266 0.00533621 0.606558 0.00505258 0.571515 0.00504434 
27.5 0.67492 0.00550532 0.624617 0.00537272 0.605986 0.00516199 0.572668 0.00502492 
28.5 0.67485 0.00561734 0.626768 0.00556103 0.60276 0.00534304 0.564076 0.00523661 
29.5 0.675627 0.00573315 0.623258 0.00555112 0.591381 0.0054324 0.555487 0.00530038 
30.5 0.682204 0.00557409 0.62607 0.00547014 0.591653 0.00530848 0.548639 0.00527347 
31.5 0.670332 0.00592088 0.618767 0.0058423 0.585513 0.00562139 0.542986 0.00550764 
32.5 0.663226 0.00612267 0.603808 0.00603214 0.568547 0.00587963 0.526535 0.00568793 
33.5 0.657035 0.00629193 0.600151 0.00605085 0.559441 0.00590208 0.513851 0.00584662 
34.5 0.648363 0.00654317 0.590634 0.00630063 0.544769 0.00613976 0.496378 0.00597072 
35.5 0.638217 0.00673224 0.577283 0.00652609 0.535305 0.00632324 0.481798 0.00615497 
36.5 0.617575 0.00704833 0.557555 0.00675808 0.511226 0.00654579 0.466028 0.00634947 
37.5 0.604308 0.00724899 0.543951 0.00695418 0.499165 0.00671599 0.451093 0.00650864 
38.5 0.598044 0.00734609 0.535238 0.00702129 0.477533 0.0068727 0.429895 0.00662014 
39.5 0.582378 0.00764681 0.521545 0.00734162 0.474512 0.00702949 0.425248 0.00679654 
40.5 0.568194 0.0077801 0.498778 0.00741318 0.448042 0.0070572 0.396369 0.00674695 
41.5 0.535711 0.00811422 0.473115 0.00763542 0.42022 0.0073038 0.375195 0.00699569 
42.5 0.520879 0.00829073 0.460823 0.00777034 0.407066 0.00739546 0.363683 0.00711961 
43.5 0.494275 0.00852488 0.434933 0.00787964 0.385891 0.00746043 0.33868 0.00706261 
44.5 0.453536 0.0087806 0.398772 0.00813309 0.347737 0.00757561 0.306895 0.00713381 
45.5 0.442221 0.0089733 0.386985 0.00838792 0.343118 0.00789206 0.304053 0.00752652 
46.5 0.414897 0.00919456 0.361819 0.00853418 0.317768 0.00789455 0.278227 0.00738287 
47.5 0.390237 0.00940929 0.341813 0.00873301 0.301674 0.00813416 0.26429 0.007561 
48.5 0.38399 0.00943775 0.331668 0.00876458 0.286466 0.00822631 0.251322 0.00776042 
49.5 0.32672 0.00971607 0.285723 0.00899798 0.247394 0.00840244 0.216831 0.00789071 
50.5 0.30586 0.00963888 0.261161 0.0087355 0.224298 0.00802293 0.193382 0.00746246 
51.5 0.255279 0.00995769 0.216273 0.00901348 0.180702 0.00830516 0.157085 0.00762641 
52.5 0.260597 0.00992208 0.22242 0.00899195 0.191476 0.00824758 0.166065 0.00764158 
53.5 0.236617 0.0100182 0.197758 0.00912612 0.167225 0.00823205 0.142823 0.00767823 
54.5 0.220609 0.00999331 0.18585 0.00924776 0.158152 0.00856642 0.13686 0.00793249 
55.5 0.193579 0.0101948 0.162109 0.00932802 0.137556 0.00858749 0.118582 0.00797155 
56.5 0.179039 0.0102451 0.148858 0.0093092 0.125054 0.00852433 0.105692 0.00783154 
57.5 0.155297 0.0103902 0.130696 0.00955127 0.109295 0.00885151 0.0938646 0.0082765 
58.5 0.126989 0.0104068 0.107894 0.00931181 0.0925648 0.00857143 0.078869 0.00807097 
59.5 0.115665 0.00990392 0.0928332 0.00870346 0.0746793 0.00788458 0.0608584 0.00698868 
60.5 0.107874 0.0103546 0.0883326 0.00929588 0.0735797 0.00829724 0.061746 0.00755361 
61.5 0.0827278 0.010527 0.068325 0.00950165 0.0577715 0.00865143 0.0490983 0.0080757 
62.5 0.0706025 0.0103892 0.0616295 0.00930759 0.052038 0.00869045 0.0456178 0.00836056 
63.5 0.0576845 0.0103072 0.0481288 0.00926845 0.042138 0.00872024 0.0368771 0.00825122 
64.5 0.0841325 0.0106361 0.0705507 0.00959324 0.0586183 0.0087451 0.0488403 0.0080699 
65.5 0.0469498 0.00984586 0.0347939 0.00761199 0.0253939 0.00559624 0.0175459 0.00420355 
66.5 0.0454163 0.0108845 0.0364038 0.00910187 0.028237 0.00764297 0.021564 0.00646525 
67.5 0.0440845 0.00997554 0.0329923 0.00788519 0.0237463 0.00609057 0.0167671 0.0047609 
68.5 0.0338956 0.0103525 0.0275229 0.00859833 0.0225127 0.00711325 0.0186021 0.0058572 
69.5 0.0229414 0.0106245 0.0188745 0.00854264 0.0154361 0.00768764 0.0128614 0.0076293 
70.5 0 0 0 0 0 0 0 0 
71.5 0.0157369 nan 0.0104746 0.010472 0.00691692 0.00691518 0.00451786 0.00451673 
72.5 0 0 0 0 0 0 0 0 
73.5 0.022003 0.0219975 0.0195603 0.0195554 0.0170209 0.0170167 0.0146879 0.0146842 
74.5 0 0 0 0 0 0 0 0 
75.5 0 0 0 0 0 0 0 0 
76.5 0 0 0 0 0 0 0 0 
77.5 0 0 0 0 0 0 0 0 
78.5 0 0 0 0 0 0 0 0 
79.5 0 0 0 0 0 0 0 0 
80.5 0 0 0 0 0 0 0 0 
81.5 0 0 0 0 0 0 0 0 
82.5 0 0 0 0 0 0 0 0 
83.5 0 0 0 0 0 0 0 0 
84.5 0 0 0 0 0 0 0 0 
85.5 0 0 0 0 0 0 0 0 
86.5 0 0 0 0 0 0 0 0 
87.5 0 0 0 0 0 0 0 0 
88.5 0 0 0 0 0 0 0 0 
89.5 0 0 0 0 0 0 0 0 
90.5 0 0 0 0 0 0 0 0 
91.5 0 0 0 0 0 0 0 0 
92.5 0 0 0 0 0 0 0 0 
93.5 0 0 0 0 0 0 0 0 
94.5 0 0 0 0 0 0 0 0 
95.5 0 0 0 0 0 0 0 0 
96.5 0 0 0 0 0 0 0 0 
97.5 0 0 0 0 0 0 0 0 
98.5 0 0 0 0 0 0 0 0 
99.5 0 0 0 0 0 0 0 0 
