0.5 -0.312417 0.889371 -4.91388e-05 0.000223707 1.92491 6.59716 0.509712 0.0864569 0.000319247 0.000224608 1.14734 0.182152 0.540776 0.0628804 0.000608001 0.00029068 0.850911 0.306848 0.629563 0.031671 0.00152316 0.000331755 0.846801 0.11974 
1.5 -0.545323 0.0850702 -0.000571184 0.000340436 1.14311 0.201973 0.428138 0.165672 0.000169351 0.000297607 1.52853 0.588042 0.316294 0.318115 8.4769e-05 0.000368265 -1.73943 1.90736 0.633783 0.0332058 0.00174576 0.000392118 0.89375 0.0780641 
2.5 0.235625 0.747471 2.20022e-05 0.000369521 -2.02263 6.91124 0.468055 0.0991382 0.000251063 0.000218624 -1.02909 0.540785 0.503601 0.0770068 0.000492407 0.000313217 -1.09823 0.303197 0.65602 0.0267617 0.00198761 0.000366805 0.787847 0.146698 
3.5 0.417135 0.143603 0.000226563 0.000332152 -1.38759 0.56687 0.244118 0.660035 2.02575e-05 0.000246342 -2.45403 6.80612 0.516371 0.0683088 0.000669792 0.000364822 -1.0088 0.339475 0.587811 0.0403464 0.00133884 0.000392026 -0.882808 0.255009 
4.5 -0.383415 0.229964 -0.000204345 0.000419839 1.60147 1.11058 0.505405 0.0761377 0.000461662 0.000286829 -1.02403 0.359061 0.56996 0.050479 0.00108517 0.000401217 -0.799843 0.445219 0.644432 0.0282559 0.00217543 0.000431019 0.460285 13.9555 
5.5 0.219074 0.934225 2.43386e-05 0.000449255 -2.94231 13.6861 0.500512 0.0883785 0.000452969 0.000332179 1.03898 0.225118 0.549476 0.0557725 0.00103498 0.000435015 -0.848767 0.43456 0.630619 0.0346961 0.00209532 0.000492998 0.875479 0.0934357 
6.5 -0.221462 2.29801 -2.84251e-05 0.000546702 2.51779 28.6015 0.250221 0.619862 2.94079e-05 0.000350163 -1.73974 5.10121 0.562552 0.0538666 0.00123817 0.000490121 0.836727 0.268228 0.580043 0.0456674 0.00146479 0.000482505 -0.440349 20.812 
7.5 0.504563 0.0714454 0.000853634 0.000500165 -1.22237 0.258684 0.475885 0.100066 0.00044648 0.00038698 -0.669574 11.0118 0.524541 0.068196 0.000930308 0.000498636 -0.956063 0.368838 0.675802 0.0241621 0.0032806 0.000543622 0.83013 0.0867107 
8.5 0.589637 0.0447219 0.00175281 0.000555638 0.751602 0.374338 0.509547 0.0729634 0.000690838 0.000408195 -1.08987 0.298741 0.588218 0.0435929 0.00175479 0.000545181 0.765426 0.345046 0.690242 0.0227323 0.00392859 0.000597391 0.909599 0.037802 
9.5 0.642257 0.0298492 0.00307719 0.000631831 0.78198 0.174528 0.471725 0.0979019 0.000537205 0.000464358 -1.11115 0.415739 0.65234 0.028511 0.00296152 0.000571747 0.860794 0.0848252 0.705385 0.0201965 0.00497147 0.000680398 0.912517 0.0308917 
10.5 0.684683 0.0235438 0.00443941 0.000697972 0.908957 0.0388443 0.455662 0.10199 0.000495478 0.000456781 -1.37671 0.390808 0.664249 0.0250976 0.00367486 0.000633967 0.839215 0.0868995 0.699337 0.020715 0.00491343 0.000680822 0.935131 0.0256927 
11.5 0.702382 0.0225413 0.00539974 0.000787721 0.952347 0.0240889 0.553027 0.0605004 0.00119232 0.000540549 0.960868 0.185379 0.670045 0.0262432 0.0040102 0.000704485 0.885862 0.0565391 0.72172 0.0183911 0.00606588 0.000737404 0.959905 0.0155329 
12.5 0.725383 0.017503 0.00674572 0.000811348 0.928624 0.0211933 0.611548 0.0378723 0.001943 0.000509481 0.838786 0.151972 0.660332 0.025525 0.00406777 0.000723279 0.749958 0.192308 0.752196 0.0140694 0.00899386 0.000909569 0.942584 0.0137444 
13.5 0.736272 0.0163687 0.00841789 0.000926476 0.962095 0.0127311 0.505066 0.0733725 0.00105256 0.000628417 -1.07908 0.322054 0.703741 0.0198068 0.00590104 0.000796834 0.915778 0.0303067 0.720643 0.0181086 0.00693634 0.000874718 0.899633 0.0310199 
14.5 0.770561 0.0131838 0.0111467 0.00101012 0.974299 0.00732084 0.610558 0.0373061 0.0023738 0.000617973 0.733761 0.345606 0.68276 0.0230754 0.00568842 0.000897771 0.857114 0.0648286 0.75169 0.0143585 0.00944569 0.000971088 0.938919 0.0144738 
15.5 0.734788 0.0158662 0.0102526 0.00115019 0.927284 0.0198372 0.662567 0.0272357 0.00368922 0.000669953 0.909149 0.0494833 0.730879 0.0161323 0.00885723 0.001014 0.920232 0.0221241 0.757989 0.013584 0.0107536 0.00106308 0.941033 0.0133053 
16.5 0.785941 0.0116044 0.015791 0.00131138 0.973691 0.0060093 0.682114 0.0242588 0.00483887 0.000776645 0.924903 0.0347111 0.734427 0.0161453 0.00970789 0.00110892 0.919221 0.0218945 0.747426 0.0146012 0.0107263 0.00113609 0.924926 0.0180106 
17.5 0.8151 0.00926763 0.0203151 0.00145669 0.975604 0.0041607 0.601377 0.0382349 0.00317638 0.000864388 -0.763743 0.40661 0.745611 0.0146926 0.0106305 0.00112153 0.933191 0.0164489 0.765653 0.0132744 0.0121677 0.00116303 0.95007 0.010947 
18.5 0.830932 0.0080412 0.0250163 0.00166702 0.975247 0.00349064 0.710072 0.0186329 0.0070147 0.000915396 0.890305 0.0359499 0.773326 0.0120517 0.0135964 0.00121325 0.956503 0.00887419 0.774973 0.0119768 0.0147788 0.00135026 0.940961 0.0113074 
19.5 0.832438 0.00784142 0.0264008 0.00169856 0.980485 0.00298042 0.716028 0.0186951 0.0080117 0.00102335 0.919568 0.0259331 0.786663 0.0110938 0.0153304 0.00128307 0.961233 0.00735514 0.808597 0.00964621 0.0183644 0.00139232 0.966287 0.0053136 
20.5 0.824807 0.00846607 0.027208 0.0018363 0.978545 0.0034116 0.71925 0.0176542 0.00858798 0.00105671 0.914393 0.0264778 0.782907 0.0112455 0.0167951 0.00143184 0.957661 0.00799113 0.796575 0.0103774 0.0172764 0.00139461 0.959513 0.00681772 
21.5 0.841775 0.00731499 0.0354609 0.0022351 0.977202 0.00292789 0.756804 0.0137839 0.0125938 0.00123892 0.950751 0.0114464 0.818295 0.00862755 0.0229301 0.00161708 0.971597 0.0042018 0.820105 0.00866477 0.0229785 0.00163348 0.969224 0.00448695 
22.5 0.83569 0.00757553 0.0376048 0.00242628 0.976522 0.00316517 0.726965 0.01683 0.0106152 0.00125965 0.912274 0.0247394 0.82201 0.0085756 0.0260215 0.00182964 0.970528 0.00433988 0.822261 0.0085634 0.0232389 0.00161922 0.972672 0.00412718 
23.5 0.853732 0.00667668 0.0420745 0.00241309 0.985253 0.0020236 0.756617 0.0136779 0.0145695 0.00146454 0.932274 0.0149882 0.805235 0.00957341 0.0241327 0.00188187 0.956958 0.00658458 0.834719 0.00784274 0.0270419 0.0017962 0.972911 0.00361775 
24.5 0.856857 0.00641186 0.0449032 0.00256715 0.983118 0.00207415 0.757709 0.0136445 0.0155179 0.00155236 0.934183 0.014532 0.82937 0.00805355 0.0290647 0.00197588 0.971196 0.00390605 0.831961 0.00778409 0.026924 0.00176777 0.97582 0.00337977 
25.5 0.872596 0.00550061 0.0555839 0.00292763 0.984905 0.00165131 0.79805 0.0100158 0.0225393 0.00175971 0.965837 0.00595206 0.84001 0.00740268 0.0325816 0.00211155 0.972789 0.00342635 0.853242 0.00672558 0.0332513 0.00201094 0.977091 0.00271719 
26.5 0.866217 0.00590002 0.0603875 0.00332397 0.982977 0.00193006 0.798888 0.0101475 0.0260595 0.00211853 0.952043 0.00775643 0.842529 0.00708159 0.0375362 0.00237709 0.974169 0.00317576 0.849976 0.00696759 0.0358619 0.00225162 0.972855 0.00321285 
27.5 0.868247 0.00586874 0.0591656 0.00324201 0.982894 0.00195023 0.78346 0.0113883 0.0214182 0.00188214 0.945387 0.0100156 0.843032 0.00737119 0.035349 0.00226098 0.974362 0.00324637 0.846948 0.00709667 0.0319678 0.00198099 0.977205 0.00288153 
28.5 0.87387 0.00553103 0.0646495 0.00340545 0.984733 0.00171038 0.817212 0.00867642 0.0306004 0.00219517 0.967852 0.00476269 0.852814 0.0066326 0.0394489 0.00235173 0.979032 0.00257663 0.853438 0.00674973 0.0353486 0.00215022 0.976184 0.00281881 
29.5 0.869866 0.00582652 0.0702317 0.00389664 0.980536 0.00210796 0.818709 0.00885764 0.0335887 0.00244562 0.965143 0.00515569 0.859537 0.00636989 0.0457311 0.00267474 0.978584 0.00247272 0.852122 0.00691986 0.0373967 0.00231972 0.974212 0.00305294 
30.5 0.876988 0.00544574 0.07457 0.00396497 0.982377 0.00185725 0.828098 0.00832715 0.0382338 0.00269756 0.964908 0.00475991 0.851951 0.0069412 0.0442939 0.00274799 0.974391 0.00307532 0.84358 0.00734969 0.0362765 0.00230739 0.975154 0.00319169 
31.5 0.875918 0.00554986 0.079068 0.0042669 0.981281 0.00197639 0.8416 0.00743074 0.0449306 0.00292175 0.971836 0.00359602 0.85314 0.00677504 0.044883 0.00273376 0.976216 0.00287438 0.846572 0.00728435 0.0365531 0.00233288 0.973064 0.00336193 
32.5 0.873175 0.00585051 0.0804004 0.00449639 0.978726 0.00230344 0.83184 0.00811665 0.042099 0.00292424 0.965661 0.00461717 0.854406 0.00685794 0.0463733 0.00286973 0.973572 0.00316035 0.844462 0.00752184 0.0370028 0.0024388 0.968841 0.00392648 
33.5 0.881497 0.00540507 0.0901398 0.00479863 0.980939 0.00197118 0.843257 0.00747534 0.049934 0.00330114 0.96811 0.00399261 0.854847 0.00700169 0.0482897 0.00302427 0.972255 0.00336226 0.831413 0.00825934 0.0336364 0.0023628 0.964311 0.0049056 
34.5 0.873964 0.00613631 0.0893588 0.00518925 0.974568 0.00279563 0.837155 0.00800177 0.0468075 0.00324152 0.963639 0.00480373 0.84128 0.00777695 0.0420541 0.0028404 0.966432 0.00433525 0.822612 0.00910308 0.029534 0.00222287 0.956484 0.00639141 
35.5 0.873801 0.00626003 0.0967789 0.00568531 0.973531 0.00299722 0.836617 0.00817037 0.0532553 0.00376987 0.959685 0.00547281 0.836552 0.00844401 0.0443786 0.00319299 0.95802 0.00587428 0.827645 0.00892525 0.0333191 0.00247461 0.956853 0.00639465 
36.5 0.868662 0.00647934 0.0887675 0.00534357 0.972144 0.00322823 0.829888 0.00882494 0.0481096 0.00359531 0.952955 0.00681806 0.817359 0.00955207 0.0366317 0.00289839 0.946648 0.0083732 0.771124 0.013119 0.0215049 0.0021857 0.895133 0.023969 
37.5 0.840438 0.00851114 0.0747315 0.00548809 0.951509 0.00687632 0.797549 0.0114965 0.0378459 0.00347116 0.916063 0.0162765 0.783809 0.0124179 0.0285487 0.00278869 0.900758 0.0212031 0.719215 0.0184567 0.0137335 0.00189287 0.610635 0.412261 
38.5 0.846112 0.00823237 0.0798747 0.00572244 0.95413 0.00634713 0.801164 0.011229 0.0409931 0.00370946 0.917016 0.0156243 0.77991 0.0130469 0.0288823 0.00295286 0.880991 0.027918 0.72628 0.0180287 0.0150755 0.00203003 0.668102 0.248033 
39.5 0.813185 0.0108979 0.0620108 0.00550816 0.916073 0.0155307 0.767699 0.0144011 0.0323693 0.00360404 0.838587 0.0475372 0.715206 0.0197946 0.0176414 0.00260935 -0.738041 0.213739 0.598549 0.0394637 0.00571302 0.00171885 -1.21802 0.127391 
40.5 0.778607 0.0143466 0.0490795 0.00546105 0.826416 0.0529637 0.697002 0.0230601 0.0188269 0.00322123 -0.916636 0.112862 0.631905 0.033883 0.00934035 0.00237067 -1.15039 0.110889 0.384316 0.171341 0.000860423 0.00157051 -2.0941 0.981684 
41.5 0.756756 0.0165494 0.0432326 0.00546167 0.679777 0.20695 0.67916 0.0258313 0.0174899 0.0033584 -1.00544 0.101095 0.587825 0.0436202 0.00678744 0.00228591 -1.28734 0.139088 -0.469161 0.102114 -0.00179386 0.00148995 1.78017 0.353748 
42.5 0.686837 0.0258176 0.0262417 0.00504213 -1.01922 0.0974359 0.564134 0.0526535 0.00763023 0.00317801 -1.39906 0.171249 -0.386248 0.185183 -0.00115619 0.00216179 2.18085 1.00413 -0.665404 0.042156 -0.00664652 0.00140481 1.33719 0.0658619 
43.5 0.564234 0.0553294 0.0109621 0.00479568 -1.42832 0.180386 -0.473662 0.106148 -0.00319134 0.00271551 1.81619 0.372727 -0.698158 0.03837 -0.00971257 0.00170954 1.29651 0.0537195 -0.814905 0.0280787 -0.0112726 0.00110702 1.14743 0.0283303 
44.5 -0.506098 0.0914617 -0.00571731 0.00385807 1.73441 0.281686 -0.692961 0.0402812 -0.0121224 0.00225289 1.31829 0.0582298 -0.807973 0.0292399 -0.0138984 0.0014165 1.16512 0.0299029 -0.918649 0.0238146 -0.0144681 0.00100569 1.04934 0.0204437 
45.5 -0.707422 0.0401546 -0.0186368 0.003273 1.31816 0.0564391 -0.825401 0.029224 -0.0201024 0.00184706 1.16704 0.0288175 -0.89903 0.0254317 -0.0177455 0.00119255 1.09095 0.0216997 -0.981813 0.0230768 -0.0155895 0.000843128 1.01781 0.0184381 
46.5 -0.779182 0.0334206 -0.0256697 0.00303055 1.23056 0.0376415 -0.875517 0.0268574 -0.0234141 0.00168903 1.12152 0.0237901 -0.962493 0.0236463 -0.0202183 0.00109632 1.03885 0.0188384 -1.0437 0.0222529 -0.0172027 0.000860225 0.968786 0.017952 
47.5 -0.906184 0.0267405 -0.0389903 0.0023687 1.11045 0.022346 -0.9857 0.0237832 -0.0308492 0.0014119 1.03435 0.0181275 -1.05675 0.0225822 -0.0245716 0.00105596 0.973334 0.0173652 -1.12748 0.0220629 -0.0188518 0.000910347 0.905709 0.0196378 
48.5 -1.03094 0.0243666 -0.0459763 0.00162655 1.01854 0.0174703 -1.11715 0.0229914 -0.0332735 0.00121303 0.941748 0.0175049 -1.17243 0.0226929 -0.0239879 0.00104346 0.885341 0.0201465 -1.23837 0.0228974 -0.0172462 0.000920159 0.802057 0.029538 
49.5 -1.12862 0.0240626 -0.048503 0.00141198 0.951535 0.0172018 -1.20225 0.023563 -0.0329113 0.00125541 0.879041 0.0203627 -1.27014 0.0238126 -0.0225776 0.00109913 0.794041 0.0302313 -1.32731 0.0245237 -0.0155246 0.000921054 0.667967 0.0702391 
50.5 -1.22153 0.024592 -0.0476948 0.00151575 0.882642 0.0200329 -1.2898 0.0247105 -0.0302146 0.00134518 0.795774 0.0295924 -1.35772 0.0251941 -0.0196579 0.00114053 0.616967 0.102749 -1.42545 0.0268238 -0.0127899 0.000941769 -0.709437 0.0558296 
51.5 -1.3095 0.0260709 -0.048756 0.00178885 0.809378 0.0275317 -1.36826 0.0264791 -0.0313565 0.00153781 0.694244 0.0559078 -1.43851 0.0274746 -0.0203553 0.00126597 -0.635028 0.0836431 -1.50201 0.0288633 -0.0127867 0.000959392 -0.776738 0.0323144 
52.5 -1.39171 0.0278356 -0.0425101 0.00189791 0.698124 0.0547204 -1.44837 0.0284584 -0.0254902 0.00150018 -0.598101 0.112526 -1.52529 0.0298917 -0.0157369 0.00118793 -0.788836 0.0300227 -1.58965 0.0316767 -0.00987407 0.000902993 -0.861586 0.0215152 
53.5 -1.51956 0.0313538 -0.0373554 0.00216884 -0.695562 0.0543087 -1.58868 0.0328441 -0.0217283 0.00158864 -0.808079 0.0268905 -1.64392 0.034379 -0.0132382 0.00115849 -0.865654 0.0207654 -1.7125 0.0369802 -0.00882377 0.00089905 -0.910695 0.0180931 
54.5 -1.62068 0.0347561 -0.0337888 0.00237589 -0.811408 0.0266069 -1.68172 0.0360065 -0.0204014 0.00174806 -0.87278 0.0197457 -1.75792 0.038559 -0.013053 0.00128319 -0.915619 0.0173362 -1.83808 0.0421123 -0.00819343 0.000909388 -0.94914 0.016417 
55.5 -1.72709 0.0396974 -0.0296589 0.00241289 -0.871213 0.0203901 -1.79957 0.0422145 -0.0180402 0.00176857 -0.918787 0.0172458 -1.8722 0.045 -0.0115598 0.00131569 -0.955592 0.0160274 -1.95769 0.0485124 -0.00761389 0.000998686 -0.990182 0.015621 
56.5 -1.81321 0.0443172 -0.0252881 0.00229399 -0.907019 0.0180777 -1.89383 0.0470528 -0.0146776 0.00160646 -0.951658 0.0162194 -1.97551 0.0510915 -0.00915439 0.0011435 -0.982859 0.0159918 -2.06039 0.0566238 -0.00555463 0.000787019 -1.01002 0.016465 
57.5 -1.99135 0.0557375 -0.018122 0.00201593 -0.963538 0.0165405 -2.11774 0.0616874 -0.00954184 0.0013506 -1.01447 0.0161193 -2.24272 0.0691782 -0.00533581 0.000907305 -1.05313 0.016972 -2.36368 0.0789857 -0.00316331 0.000617003 -1.08172 0.0180566 
58.5 -2.19384 0.0719883 -0.0139266 0.00189185 -1.01211 0.0168065 -2.30954 0.0781801 -0.00713253 0.00122924 -1.05701 0.0169113 -2.42557 0.0846211 -0.00386396 0.000809338 -1.09597 0.0184071 -2.56296 0.0954867 -0.00221138 0.000532537 -1.1262 0.0212237 
59.5 -2.47122 0.0999139 -0.00998383 0.00171678 -1.06566 0.0189475 -2.56084 0.107165 -0.00578031 0.00115509 -1.09282 0.0202751 -2.68328 0.119172 -0.00321217 0.0007885 -1.12965 0.0226949 -2.85019 0.137304 -0.00186562 0.000567955 -1.17202 0.0252963 
60.5 -2.4926 0.101565 -0.00782594 0.0013975 -1.07237 0.0189735 -2.61047 0.110835 -0.00357452 0.00077068 -1.10736 0.0212165 -2.69624 0.121247 -0.00165759 0.000421305 -1.13529 0.0248928 -2.86046 0.137576 -0.000931264 0.000283441 -1.17274 0.024639 
61.5 -2.75508 0.130755 -0.00376286 0.000912225 -1.13076 0.0225884 -3.00749 0.153802 -0.00161048 0.00053159 -1.19298 0.0278951 -3.19617 0.177689 -0.000871484 0.000329433 -1.22312 0.0323528 -3.33696 0.20062 -0.000511801 0.000207085 -1.2391 0.035216 
62.5 -2.93323 0.160575 -0.0042542 0.00107758 -1.14565 0.0245694 -3.12874 0.180734 -0.00202773 0.000622684 -1.186 0.0298787 -3.29655 0.208753 -0.00114272 0.000405672 -1.21453 0.0345288 -3.47344 0.256226 -0.000696642 0.00030664 -1.25208 0.0467347 
63.5 -3.17053 0.206713 -0.00397967 0.00113888 -1.17328 0.0293028 -3.27353 0.222461 -0.00218337 0.000715196 -1.19708 0.0325572 -3.37075 0.241449 -0.00114643 0.000455638 -1.22972 0.0437075 -3.57262 0.294813 -0.000629652 0.000316651 -1.27668 0.0606679 
64.5 -3.61097 0.29979 -0.00223455 0.000861893 -1.23542 0.0390306 -3.80715 0.340483 -0.001099 0.000488087 -1.26574 0.0465668 -3.95774 0.377366 -0.000524768 0.000263164 -1.28951 0.0493685 -4.12411 0.414021 -0.000244646 0.00014345 -1.32047 0.0516845 
65.5 -4.07319 0.459381 -0.00138565 0.000656982 -1.28127 0.0517203 -4.23073 0.503923 -0.000637305 0.000336247 -1.30443 0.0591165 -4.37165 0.558006 -0.000261902 0.000148876 -1.32095 0.0647666 -4.48807 0.607001 -9.55608e-05 5.75421e-05 -1.33388 0.0687811 
66.5 -4.4669 0.5519 -0.000349093 0.000230461 -1.34684 0.0551227 -5.24041 0.765233 -0.000273083 0.000257474 -1.43905 0.098808 -5.74273 1.03032 -0.000247618 0.000244974 -1.45487 0.0968953 -5.94405 1.19846 -0.000180129 0.000179563 -1.45753 0.0997582 
67.5 -4.92401 0.716276 -0.000388857 0.000298551 -1.38585 0.0500984 -5.58347 0.589922 -0.000155344 0.000150642 -1.44836 0.0378929 -6.07269 1.0792 -8.48115e-05 8.47266e-05 -1.45832 0.0689899 -6.15672 0.75388 -5.307e-05 5.30577e-05 -1.45861 0.0211908 
68.5 -6.21814 7.40498 -0.000145781 0.000145781 -1.45871 2.46775 -6.21814 nan -2.37422e-05 2.37422e-05 -1.45871 inf -6.21814 inf -2.0821e-06 2.08209e-06 -1.45871 1.45822 -6.21814 nan -1.07819e-07 1.07819e-07 -1.45871 nan 
69.5 -6.21814 nan -1.53638e-05 1.53638e-05 -1.45871 inf -6.21814 nan -5.45818e-05 5.45817e-05 -1.45871 nan -6.21814 nan -2.82531e-06 2.82531e-06 -1.45871 nan -6.21814 inf -9.85358e-07 9.85357e-07 -1.45871 1.45822 
70.5 -nan nan 0 0 -nan nan -nan nan 0 0 -nan nan -nan nan 0 0 -nan nan -nan nan 0 0 -nan nan 
71.5 -nan nan 0 0 -nan nan -nan nan 0 0 -nan nan -nan nan 0 0 -nan nan -nan nan 0 0 -nan nan 
72.5 -nan nan 0 0 -nan nan -nan nan 0 0 -nan nan -nan nan 0 0 -nan nan -nan nan 0 0 -nan nan 
73.5 -nan nan 0 0 -nan nan -nan nan 0 0 -nan nan -nan nan 0 0 -nan nan -nan nan 0 0 -nan nan 
74.5 -nan nan 0 0 -nan nan -nan nan 0 0 -nan nan -nan nan 0 0 -nan nan -nan nan 0 0 -nan nan 
75.5 -nan nan 0 0 -nan nan -nan nan 0 0 -nan nan -nan nan 0 0 -nan nan -nan nan 0 0 -nan nan 
76.5 -nan nan 0 0 -nan nan -nan nan 0 0 -nan nan -nan nan 0 0 -nan nan -nan nan 0 0 -nan nan 
77.5 -nan nan 0 0 -nan nan -nan nan 0 0 -nan nan -nan nan 0 0 -nan nan -nan nan 0 0 -nan nan 
78.5 -nan nan 0 0 -nan nan -nan nan 0 0 -nan nan -nan nan 0 0 -nan nan -nan nan 0 0 -nan nan 
79.5 -nan nan 0 0 -nan nan -nan nan 0 0 -nan nan -nan nan 0 0 -nan nan -nan nan 0 0 -nan nan 
80.5 -nan nan 0 0 -nan nan -nan nan 0 0 -nan nan -nan nan 0 0 -nan nan -nan nan 0 0 -nan nan 
81.5 -nan nan 0 0 -nan nan -nan nan 0 0 -nan nan -nan nan 0 0 -nan nan -nan nan 0 0 -nan nan 
82.5 -nan nan 0 0 -nan nan -nan nan 0 0 -nan nan -nan nan 0 0 -nan nan -nan nan 0 0 -nan nan 
83.5 -nan nan 0 0 -nan nan -nan nan 0 0 -nan nan -nan nan 0 0 -nan nan -nan nan 0 0 -nan nan 
84.5 -nan nan 0 0 -nan nan -nan nan 0 0 -nan nan -nan nan 0 0 -nan nan -nan nan 0 0 -nan nan 
85.5 -nan nan 0 0 -nan nan -nan nan 0 0 -nan nan -nan nan 0 0 -nan nan -nan nan 0 0 -nan nan 
86.5 -nan nan 0 0 -nan nan -nan nan 0 0 -nan nan -nan nan 0 0 -nan nan -nan nan 0 0 -nan nan 
87.5 -nan nan 0 0 -nan nan -nan nan 0 0 -nan nan -nan nan 0 0 -nan nan -nan nan 0 0 -nan nan 
88.5 -nan nan 0 0 -nan nan -nan nan 0 0 -nan nan -nan nan 0 0 -nan nan -nan nan 0 0 -nan nan 
89.5 -nan nan 0 0 -nan nan -nan nan 0 0 -nan nan -nan nan 0 0 -nan nan -nan nan 0 0 -nan nan 
90.5 -nan nan 0 0 -nan nan -nan nan 0 0 -nan nan -nan nan 0 0 -nan nan -nan nan 0 0 -nan nan 
91.5 -nan nan 0 0 -nan nan -nan nan 0 0 -nan nan -nan nan 0 0 -nan nan -nan nan 0 0 -nan nan 
92.5 -nan nan 0 0 -nan nan -nan nan 0 0 -nan nan -nan nan 0 0 -nan nan -nan nan 0 0 -nan nan 
93.5 -nan nan 0 0 -nan nan -nan nan 0 0 -nan nan -nan nan 0 0 -nan nan -nan nan 0 0 -nan nan 
94.5 -nan nan 0 0 -nan nan -nan nan 0 0 -nan nan -nan nan 0 0 -nan nan -nan nan 0 0 -nan nan 
95.5 -nan nan 0 0 -nan nan -nan nan 0 0 -nan nan -nan nan 0 0 -nan nan -nan nan 0 0 -nan nan 
96.5 -nan nan 0 0 -nan nan -nan nan 0 0 -nan nan -nan nan 0 0 -nan nan -nan nan 0 0 -nan nan 
97.5 -nan nan 0 0 -nan nan -nan nan 0 0 -nan nan -nan nan 0 0 -nan nan -nan nan 0 0 -nan nan 
98.5 -nan nan 0 0 -nan nan -nan nan 0 0 -nan nan -nan nan 0 0 -nan nan -nan nan 0 0 -nan nan 
99.5 -nan nan 0 0 -nan nan -nan nan 0 0 -nan nan -nan nan 0 0 -nan nan -nan nan 0 0 -nan nan 
