0.5 -1.23934 0.0102046 -0.0046925 0.000181938 -0.605419 0.0760761 -0.321827 0.101145 -0.000596101 0.000741679 2.39435 0.732446 0.673745 0.00884025 0.0123316 0.000811286 -0.751086 0.0893922 0.764548 0.00526407 0.0223432 0.000908872 0.910278 0.00778077 
1.5 -1.21593 0.00983957 -0.00510694 0.000181675 0.6159 0.0628295 0.36069 0.0694362 0.000975927 0.000764455 -2.09352 0.42267 0.692942 0.00793218 0.0143991 0.000852628 0.570828 0.257868 0.772405 0.00499954 0.0238334 0.000925933 0.922709 0.00624237 
2.5 -1.21457 0.0101123 -0.00526573 0.000193247 0.603838 0.0784018 0.428156 0.0409001 0.00192816 0.000762593 -1.74077 0.184073 0.687354 0.00818388 0.0135667 0.000829393 -0.583352 0.258434 0.777108 0.00488786 0.0246703 0.000947255 0.921222 0.00621062 
3.5 -1.21417 0.00979829 -0.00579891 0.000205749 0.620777 0.060312 0.470539 0.030285 0.00285802 0.000773585 -1.55751 0.117744 0.70563 0.0073203 0.0160439 0.000881198 0.745527 0.0546507 0.779202 0.00473103 0.0252916 0.000944758 0.928946 0.00544912 
4.5 -1.20516 0.00953194 -0.00592082 0.000195116 0.702464 0.0312268 0.528178 0.0205973 0.00465888 0.000790474 -1.35567 0.07029 0.719438 0.00672329 0.0171347 0.000867281 0.825241 0.0252664 0.781185 0.00470032 0.0255967 0.000947143 0.931962 0.00511749 
5.5 -1.22417 0.00978488 -0.0067928 0.000238205 0.602198 0.0707319 0.484282 0.0277307 0.00315915 0.000765448 -1.50661 0.10386 0.720813 0.00668538 0.0167913 0.000843227 0.833892 0.0231979 0.780952 0.00474702 0.0249606 0.000933673 0.928026 0.00548627 
6.5 -1.21385 0.0100134 -0.00702717 0.000257765 0.590121 0.0852506 0.551074 0.0179283 0.00568857 0.000814828 -1.26388 0.0603444 0.700127 0.00753802 0.0155579 0.000878019 0.711568 0.0744402 0.792334 0.00435985 0.0288451 0.00100729 0.941084 0.00405601 
7.5 -1.21285 0.00956739 -0.00825103 0.000278915 0.664032 0.0404103 0.565026 0.0166004 0.00632694 0.00082923 -1.23154 0.0554097 0.726258 0.00646975 0.0186708 0.000918084 0.832263 0.0225431 0.794277 0.00434588 0.0294551 0.00103048 0.938656 0.00418756 
8.5 -1.19605 0.00954549 -0.008017 0.000261558 0.727777 0.0270133 0.609422 0.0128213 0.00920104 0.000900777 -1.0891 0.045747 0.741959 0.00591125 0.0211868 0.000957507 0.87647 0.0132832 0.803511 0.00409657 0.0317024 0.00105752 0.94616 0.00347031 
9.5 -1.19909 0.00952317 -0.00896274 0.000289878 0.726941 0.0261893 0.643054 0.0105468 0.0114117 0.000904869 -0.958312 0.0470557 0.756964 0.00536001 0.0232496 0.000968775 0.901698 0.00897016 0.806191 0.00396816 0.0327182 0.00107216 0.9476 0.00329607 
10.5 -1.19854 0.00941019 -0.00987695 0.000317012 0.72541 0.0243462 0.624678 0.0115534 0.00998631 0.000868933 -0.999598 0.0481072 0.750237 0.00555591 0.0226318 0.000967562 0.898409 0.00978027 0.806087 0.00395274 0.032519 0.00105708 0.950287 0.00309621 
11.5 -1.19812 0.00938141 -0.0100419 0.000315585 0.737466 0.022582 0.649945 0.0100223 0.0121527 0.0009108 -0.898613 0.0537224 0.773061 0.00487784 0.0271802 0.00104338 0.923145 0.0061095 0.802448 0.00409281 0.0322919 0.00107851 0.945932 0.00351061 
12.5 -1.18081 0.0091199 -0.0109589 0.000322912 0.7793 0.0163656 0.67549 0.00860733 0.0151635 0.000976492 -0.726735 0.100964 0.761084 0.00524603 0.0254759 0.00104412 0.904838 0.00845019 0.823094 0.00352327 0.0387581 0.00115501 0.960191 0.0022572 
13.5 -1.16824 0.0092121 -0.012556 0.000362556 0.806181 0.0144723 0.679778 0.00836994 0.015639 0.000987666 -0.736132 0.0916774 0.783521 0.00451722 0.0299146 0.00108805 0.931221 0.00501741 0.830671 0.00338455 0.0412428 0.00119935 0.961023 0.0021266 
14.5 -1.16563 0.00925312 -0.0126094 0.000367678 0.80765 0.0144109 0.715054 0.00679714 0.01993 0.00102167 0.816951 0.0277172 0.789854 0.00432196 0.0317465 0.00111435 0.937938 0.00428119 0.827249 0.00345403 0.0405314 0.00119637 0.959716 0.00221095 
15.5 -1.15754 0.00909845 -0.013871 0.00038028 0.828752 0.0122086 0.706226 0.00721047 0.0188279 0.00101884 0.771226 0.0440233 0.787396 0.00439785 0.0313232 0.00111043 0.937518 0.00443317 0.833167 0.00328658 0.0427445 0.00121428 0.964075 0.0019144 
16.5 -1.13884 0.00909512 -0.0154551 0.000419308 0.849997 0.0110128 0.739104 0.00587663 0.0239287 0.00107689 0.881142 0.0126988 0.811974 0.00374408 0.038621 0.00121506 0.953086 0.00281223 0.843791 0.00301782 0.0468348 0.00125129 0.96945 0.00153951 
17.5 -1.14202 0.00916437 -0.0149055 0.000389425 0.857894 0.0108457 0.741099 0.00585782 0.0246238 0.0011118 0.87255 0.0136709 0.80976 0.00378866 0.0369842 0.00116842 0.953893 0.00281496 0.843494 0.00306267 0.0478674 0.00129302 0.968038 0.0016152 
18.5 -1.13653 0.00907806 -0.0171738 0.000434617 0.866414 0.0100119 0.749004 0.00554927 0.0255655 0.0010971 0.894909 0.0102037 0.808579 0.00386642 0.0378702 0.00122234 0.949001 0.00314945 0.841741 0.00308883 0.0471784 0.00128659 0.966943 0.00168633 
19.5 -1.12944 0.0090187 -0.0179867 0.000436307 0.878299 0.00929996 0.760786 0.00517081 0.0290484 0.00118398 0.904194 0.00833342 0.810081 0.00379532 0.0388777 0.00123568 0.951795 0.00293664 0.846278 0.00299691 0.049573 0.00131716 0.969494 0.00153383 
20.5 -1.13051 0.00895481 -0.0197268 0.000477825 0.875578 0.0092307 0.760524 0.00520489 0.029189 0.00119579 0.90244 0.00862209 0.824661 0.00338566 0.0449029 0.00131526 0.96096 0.00214734 0.845367 0.00299509 0.0504356 0.00134834 0.968384 0.00157673 
21.5 -1.11388 0.00902015 -0.0202818 0.000480836 0.895219 0.00865176 0.762405 0.00518062 0.0303791 0.00123685 0.904785 0.00831572 0.817179 0.00364395 0.0426917 0.00132127 0.953727 0.00269193 0.84644 0.00298721 0.0519226 0.00138355 0.968629 0.00156124 
22.5 -1.09442 0.00904538 -0.0213058 0.000446622 0.926627 0.00777381 0.776892 0.00464045 0.0330503 0.00122993 0.927526 0.00546848 0.830403 0.0033138 0.0474684 0.00136917 0.961553 0.00207623 0.853453 0.0027939 0.0546609 0.00139001 0.972457 0.00131259 
23.5 -1.10078 0.00901046 -0.0232001 0.000520467 0.913091 0.00805232 0.789871 0.0042923 0.0375133 0.00131054 0.938976 0.00421642 0.836114 0.00311788 0.0499825 0.00137534 0.967163 0.00171278 0.861435 0.00262183 0.0582952 0.00141375 0.975848 0.00111231 
24.5 -1.0984 0.00902901 -0.0242869 0.000532861 0.918154 0.00790454 0.784854 0.00444542 0.0354681 0.00127052 0.935491 0.00462852 0.832142 0.00325652 0.0491418 0.00140116 0.962691 0.00197649 0.855531 0.00277805 0.0569813 0.00144378 0.97229 0.00131422 
25.5 -1.07099 0.00909159 -0.0242934 0.000514277 0.944975 0.00749139 0.798428 0.00403499 0.0417043 0.00140041 0.942968 0.00365764 0.837291 0.00310145 0.0527324 0.00145822 0.96524 0.00177158 0.863303 0.00260473 0.0627219 0.00152355 0.974815 0.00113949 
26.5 -1.07319 0.00909492 -0.0263913 0.00053098 0.948041 0.00736016 0.809511 0.00374706 0.0451997 0.00143539 0.950698 0.00292484 0.850122 0.00281565 0.0591773 0.00152494 0.971197 0.00136803 0.862617 0.00259426 0.0617457 0.0014948 0.975391 0.00110961 
27.5 -1.06779 0.00911529 -0.0265545 0.000526715 0.953836 0.00730669 0.809707 0.00376176 0.0455186 0.00144795 0.950497 0.00295738 0.84238 0.00299358 0.0548751 0.00148093 0.967113 0.00162608 0.867461 0.00252394 0.0642328 0.00152096 0.976633 0.00104734 
28.5 -1.06282 0.00911259 -0.0298646 0.00057601 0.959681 0.0071764 0.820915 0.00345486 0.0525882 0.00157658 0.957169 0.00238409 0.850575 0.00286224 0.063402 0.00166169 0.968509 0.00149967 0.868137 0.00249893 0.0681738 0.00161394 0.976119 0.00105337 
29.5 -1.05536 0.00917724 -0.0303881 0.000567142 0.969252 0.00711681 0.816684 0.00359746 0.0507885 0.00156941 0.952995 0.00269874 0.851359 0.00284339 0.0628979 0.00163783 0.969269 0.00146807 0.871127 0.00242835 0.0687457 0.00159094 0.977799 0.000968679 
30.5 -1.04816 0.00920468 -0.0311709 0.000581391 0.975301 0.00709369 0.816661 0.00359307 0.0510269 0.00157831 0.952535 0.00270477 0.848581 0.00287885 0.0613579 0.0016153 0.968451 0.00151955 0.867587 0.00250383 0.0677594 0.00160888 0.975867 0.00106343 
31.5 -1.05284 0.00915414 -0.032416 0.000592265 0.971925 0.0070719 0.822273 0.00346346 0.0549501 0.00165567 0.955387 0.00245748 0.850886 0.00284468 0.0646317 0.00168938 0.968644 0.00148001 0.87124 0.00245589 0.070747 0.0016542 0.976622 0.00102229 
32.5 -1.02941 0.00932955 -0.0329971 0.000608429 0.993018 0.00709992 0.822961 0.00344795 0.0555245 0.00167204 0.954894 0.00246102 0.861456 0.00258588 0.0694659 0.00169409 0.974322 0.0011452 0.871972 0.00242921 0.0704248 0.00163145 0.977451 0.000979941 
33.5 -1.03092 0.00933866 -0.0333351 0.000604464 0.993166 0.00708827 0.830428 0.00325471 0.0592213 0.00170299 0.960889 0.00205018 0.859775 0.00258074 0.068788 0.00167718 0.974719 0.00112416 0.872507 0.00241425 0.0720338 0.00166172 0.977726 0.000970896 
34.5 -1.02221 0.00943003 -0.0356184 0.00063146 1.00316 0.00709556 0.832397 0.0032488 0.0607136 0.00174948 0.959565 0.00211268 0.854438 0.00275807 0.0670045 0.00171538 0.970245 0.00137794 0.870268 0.00246601 0.0696119 0.00163177 0.976629 0.00102152 
35.5 -1.01585 0.00953033 -0.0376975 0.000651142 1.01172 0.00713732 0.839928 0.00306496 0.0665526 0.00184455 0.963086 0.00182463 0.857434 0.00271945 0.070962 0.00180146 0.970379 0.00135685 0.876764 0.00235295 0.0758946 0.00172062 0.978323 0.000929122 
36.5 -1.009 0.0095883 -0.0383356 0.00066945 1.01763 0.00718283 0.84064 0.00305942 0.0667964 0.0018435 0.963786 0.00180144 0.858153 0.0026852 0.0700417 0.00175983 0.971535 0.00128964 0.874301 0.00240298 0.073055 0.00167774 0.977776 0.000967186 
37.5 -0.99222 0.0097362 -0.0389569 0.000698434 1.03237 0.0073427 0.843674 0.00299351 0.0707438 0.00192954 0.964292 0.00173616 0.86574 0.00255049 0.0772157 0.00187184 0.973671 0.00116086 0.878888 0.00228664 0.0775941 0.00172596 0.979537 0.000864167 
38.5 -0.992728 0.0097521 -0.0397599 0.000706583 1.03286 0.00734549 0.842916 0.00301003 0.0704323 0.00192921 0.963861 0.00175822 0.862369 0.00263661 0.0739986 0.00183539 0.971958 0.00125893 0.878255 0.00228384 0.075205 0.00167436 0.979532 0.000859233 
39.5 -1.00336 0.00970303 -0.0420312 0.000706477 1.0265 0.00724489 0.844293 0.00296971 0.0718892 0.00195289 0.964553 0.00170348 0.867963 0.00248431 0.0788581 0.00187849 0.974964 0.00107832 0.87419 0.00241365 0.0739274 0.00170232 0.977563 0.000980093 
40.5 -0.981902 0.00992829 -0.0430474 0.000772071 1.04494 0.00749935 0.852222 0.0028047 0.0785859 0.00204992 0.967945 0.00148292 0.86615 0.00252536 0.0803544 0.00194161 0.97372 0.00113641 0.878546 0.00230078 0.0788829 0.00176231 0.979217 0.000880328 
41.5 -0.987268 0.00993519 -0.0435997 0.000761855 1.0424 0.0074583 0.848775 0.00290867 0.0766248 0.002051 0.96539 0.00163381 0.86737 0.00251216 0.0783563 0.00187429 0.974866 0.00109606 0.876239 0.00233123 0.0764367 0.00171999 0.979199 0.000891674 
42.5 -0.976937 0.0100159 -0.0442682 0.000795114 1.05082 0.00759292 0.856093 0.00276709 0.0830135 0.00214576 0.96806 0.00145765 0.870808 0.00244236 0.0835038 0.00197135 0.975057 0.00105935 0.87948 0.00230325 0.0801356 0.00179749 0.978482 0.000903635 
43.5 -0.97535 0.0100716 -0.0451616 0.000812018 1.05339 0.00763578 0.861023 0.00263128 0.0873605 0.00218517 0.970695 0.00127934 0.874349 0.00236555 0.0868117 0.00200124 0.9767 0.000976794 0.88269 0.00224503 0.0813667 0.00178528 0.979889 0.000845479 
44.5 -0.977043 0.0101277 -0.0458589 0.000817701 1.05396 0.00764243 0.857075 0.00274692 0.084219 0.00216586 0.968448 0.00143553 0.868928 0.00247606 0.0808571 0.00192172 0.974962 0.00107689 0.872856 0.00244444 0.0725182 0.00168467 0.977028 0.00101117 
45.5 -0.983566 0.0101087 -0.0475617 0.000818998 1.05022 0.00757049 0.85568 0.00278456 0.0838837 0.00217893 0.967497 0.0014899 0.870183 0.00247241 0.0824416 0.00195632 0.974842 0.00108455 0.878998 0.00233361 0.0776319 0.00174631 0.978603 0.000918334 
46.5 -0.976213 0.0102616 -0.0492107 0.000863278 1.05876 0.00772489 0.858324 0.00274132 0.0868807 0.0022277 0.9686 0.00143569 0.86694 0.00254577 0.0815721 0.00197449 0.973541 0.00116383 0.87641 0.00232942 0.0766395 0.00172553 0.979056 0.000898714 
47.5 -0.970108 0.0103156 -0.0490524 0.000884516 1.06346 0.00782047 0.861642 0.00265824 0.0881574 0.00221491 0.970168 0.00132645 0.869432 0.00249186 0.0819884 0.0019568 0.9744 0.00110627 0.872768 0.00241927 0.0737579 0.00170915 0.97707 0.000993184 
48.5 -0.972231 0.0103434 -0.0494541 0.000885244 1.06291 0.00780899 0.858805 0.00272516 0.0881916 0.00225562 0.96868 0.00141926 0.865959 0.00254382 0.0796606 0.00192736 0.973836 0.00115224 0.878175 0.0023149 0.0761691 0.00170337 0.979356 0.000888076 
49.5 -0.990814 0.0102633 -0.0530129 0.000861914 1.05113 0.00757645 0.858932 0.00271754 0.0880332 0.00224726 0.968884 0.00140437 0.861731 0.00261773 0.0767455 0.00189959 0.972183 0.00124038 0.869665 0.00249663 0.0711018 0.00168228 0.97579 0.00106167 
50.5 -0.998237 0.0102414 -0.0536184 0.000839806 1.04653 0.00749515 0.854943 0.00284456 0.0854827 0.00225101 0.965985 0.00159077 0.866498 0.00250436 0.0794498 0.00190395 0.974671 0.00109709 0.868692 0.00253009 0.069554 0.00165421 0.975719 0.00109058 
51.5 -1.00606 0.0101803 -0.0539507 0.0008202 1.04038 0.00739684 0.860306 0.00267715 0.0893884 0.00226444 0.969292 0.00136636 0.868989 0.00248199 0.0813828 0.00194311 0.974302 0.00109864 0.869298 0.0025185 0.0695245 0.00165352 0.97539 0.00109596 
52.5 -1.01406 0.0101521 -0.0559462 0.000810948 1.03549 0.00732113 0.859619 0.00272739 0.0909346 0.00232805 0.968315 0.00143601 0.862899 0.00262851 0.0787935 0.00195173 0.971924 0.00125742 0.865621 0.00259523 0.0691702 0.00167774 0.974307 0.00116825 
53.5 -1.03526 0.0100587 -0.0583898 0.000761512 1.02112 0.00714442 0.853927 0.00284155 0.0857588 0.00226242 0.965815 0.00158663 0.859898 0.0027208 0.0755735 0.0019129 0.970306 0.00136793 0.864134 0.00261641 0.0666145 0.00162082 0.974502 0.00116751 
54.5 -1.05794 0.010035 -0.0603858 0.000719826 1.00669 0.00701938 0.859951 0.00265515 0.0890549 0.00224219 0.970164 0.00132006 0.86188 0.002636 0.0760981 0.00188748 0.972074 0.00125802 0.865012 0.00261089 0.067781 0.00165481 0.973612 0.00119689 
55.5 -1.04992 0.0100858 -0.0598352 0.000732907 1.01292 0.00706969 0.854089 0.00284612 0.0862466 0.00227763 0.965639 0.00160097 0.859902 0.00266185 0.0746886 0.00186525 0.971789 0.00127603 0.861096 0.00270794 0.0655623 0.00163822 0.972154 0.00129183 
56.5 -1.07916 0.0100436 -0.0614372 0.00066947 0.993808 0.00695613 0.85705 0.00277057 0.0865658 0.00224569 0.967139 0.00149471 0.86453 0.00257783 0.0762787 0.00186316 0.973129 0.00118477 0.859447 0.00274943 0.0612848 0.00154306 0.971908 0.00131795 
57.5 -1.09587 0.0100179 -0.0634167 0.000645044 0.98272 0.00693375 0.8506 0.00290127 0.0834837 0.00223942 0.964257 0.00167817 0.853463 0.00282527 0.071633 0.00187061 0.967765 0.00150868 0.859855 0.0027292 0.0648172 0.00163097 0.971566 0.00132983 
58.5 -1.11412 0.00999996 -0.0636026 0.000628739 0.969899 0.00694053 0.851922 0.0028783 0.0853839 0.00228226 0.96423 0.00166029 0.846787 0.00300601 0.0668136 0.00182589 0.963212 0.0017806 0.849322 0.00300666 0.0582074 0.00156812 0.965787 0.0017027 
59.5 -1.13394 0.0100531 -0.0640585 0.000607032 0.957678 0.00699386 0.852525 0.00285772 0.0825931 0.00219138 0.965283 0.0016082 0.85509 0.00279114 0.0695902 0.00179802 0.968853 0.00144345 0.850354 0.00296101 0.0567805 0.00150616 0.967962 0.00158596 
60.5 -1.16064 0.0100731 -0.0653935 0.000625067 0.938654 0.0071442 0.841302 0.00311423 0.0760391 0.00214666 0.959145 0.00202882 0.847108 0.00295475 0.0657225 0.0017685 0.965611 0.0016663 0.849166 0.00299867 0.0569217 0.00152849 0.966393 0.00167323 
61.5 -1.17942 0.0101221 -0.0649556 0.000631663 0.925553 0.00730996 0.847369 0.00296861 0.0793491 0.00216103 0.963067 0.0017671 0.852362 0.0028544 0.067899 0.00177839 0.968001 0.00151349 0.848241 0.00300068 0.0565149 0.00151656 0.966845 0.00165182 
62.5 -1.22302 0.010286 -0.0650248 0.000674916 0.894311 0.0079094 0.833183 0.00330735 0.0692108 0.0020369 0.954797 0.00237342 0.835073 0.00323956 0.0578729 0.00166307 0.95926 0.00211743 0.83769 0.0032402 0.0507302 0.00143804 0.96211 0.00200309 
63.5 -1.22946 0.0103532 -0.0656559 0.000682577 0.890701 0.00799856 0.830724 0.00339249 0.0680117 0.00203737 0.952477 0.00255509 0.84256 0.00307786 0.0614904 0.00169843 0.963434 0.00183171 0.840947 0.00317074 0.0530548 0.00148383 0.962929 0.00191342 
64.5 -1.27435 0.0105616 -0.0644093 0.000770909 0.853315 0.00916566 0.840433 0.00312875 0.0744935 0.00210651 0.959303 0.00203542 0.838791 0.00317883 0.0606482 0.00172006 0.960189 0.00204256 0.842245 0.00313138 0.0529115 0.00146629 0.963917 0.00185281 
65.5 -1.27407 0.0106067 -0.0646759 0.000753198 0.855729 0.00908633 0.830141 0.00335544 0.0672636 0.00200205 0.953635 0.00243732 0.832464 0.00332064 0.0569534 0.00166239 0.957751 0.00224402 0.84031 0.00319195 0.0516127 0.00144275 0.963738 0.0019005 
66.5 -1.31931 0.0109263 -0.0630036 0.000834941 0.814929 0.0109678 0.829832 0.00334992 0.0653643 0.00193704 0.954909 0.00239298 0.835477 0.00322815 0.0571465 0.00163172 0.960585 0.00205105 0.828823 0.00346748 0.0472554 0.0014105 0.956245 0.00243606 
67.5 -1.34392 0.0111032 -0.0620545 0.000889094 0.787893 0.0126617 0.826531 0.00342579 0.0636935 0.00192569 0.951831 0.00259661 0.833551 0.00328559 0.0549602 0.00159389 0.958344 0.0021802 0.837838 0.00327908 0.0483958 0.00138272 0.960931 0.00208633 
68.5 -1.37744 0.0114052 -0.0591161 0.000928647 0.746008 0.016242 0.826969 0.00343544 0.0625955 0.00188645 0.952979 0.00256415 0.827218 0.00343422 0.05304 0.00158869 0.954783 0.0024709 0.83707 0.00326442 0.049009 0.00139372 0.962043 0.00202074 
69.5 -1.41601 0.0118311 -0.0582027 0.000997851 0.684729 0.0245265 0.824321 0.00351612 0.0638883 0.00197195 0.948322 0.00284347 0.833935 0.00326796 0.0569558 0.00164804 0.958415 0.00217238 0.840972 0.00319255 0.0517884 0.00145027 0.963102 0.00192516 
70.5 -1.47109 0.0124048 -0.0527368 0.00104468 -0.328962 0.834533 0.815154 0.00375433 0.0571763 0.0018472 0.9423 0.00340296 0.815691 0.00375739 0.0479269 0.00153621 0.945281 0.0032649 0.830131 0.00343794 0.0462823 0.00137199 0.957078 0.00238002 
71.5 -1.48624 0.0125988 -0.0525561 0.00107159 -0.545256 0.0751084 0.816085 0.00372285 0.0575146 0.00184445 0.943786 0.00329826 0.825375 0.00350294 0.0524205 0.00159304 0.952751 0.00263779 0.833195 0.00337115 0.0476198 0.0013889 0.959038 0.00224051 
72.5 -1.50708 0.0129246 -0.0526054 0.00110543 -0.618608 0.0402412 0.816859 0.00367297 0.0570366 0.00180706 0.946451 0.00310289 0.822613 0.00354809 0.0502789 0.00153796 0.952865 0.00266497 0.82665 0.00350675 0.0457071 0.00137456 0.95575 0.00249436 
73.5 -1.57339 0.013816 -0.0471747 0.0011395 -0.743269 0.0164329 0.810615 0.00385408 0.054604 0.00179972 0.939323 0.00367273 0.821179 0.00361352 0.0507561 0.00158031 0.949326 0.00290916 0.826121 0.00356917 0.0462419 0.00141089 0.95313 0.00268991 
74.5 -1.61484 0.0145229 -0.0451802 0.00116363 -0.781995 0.0130343 0.81247 0.00380477 0.0559408 0.00182914 0.940183 0.00356224 0.830116 0.00338504 0.0539158 0.00159767 0.955775 0.00239447 0.840751 0.00320029 0.0515108 0.00144849 0.962304 0.00197006 
75.5 -1.67865 0.0156051 -0.0400397 0.00115836 -0.831181 0.0100296 0.817133 0.00362647 0.0572919 0.00180351 0.947218 0.00299285 0.829574 0.00339066 0.053935 0.00159843 0.956063 0.00238666 0.836756 0.00328792 0.0509998 0.00146533 0.959976 0.00212302 
76.5 -1.67444 0.0155387 -0.0412548 0.0011769 -0.827324 0.0102476 0.810948 0.00381407 0.0543154 0.00177278 0.941822 0.00349662 0.821435 0.00357566 0.0498069 0.00153396 0.951814 0.0027447 0.82717 0.00352015 0.0456835 0.00137559 0.955563 0.00250567 
77.5 -1.77169 0.0174074 -0.033924 0.00113005 -0.881189 0.00814941 0.802485 0.00402699 0.0504337 0.00172052 0.933717 0.00420303 0.812102 0.00379698 0.0455896 0.0014745 0.944448 0.00332893 0.830862 0.00343515 0.046461 0.00137388 0.957499 0.0023585 
78.5 -1.83212 0.0186726 -0.0308371 0.00112362 -0.907894 0.00748273 0.803634 0.0040159 0.0513025 0.00174726 0.933591 0.00419723 0.805638 0.00400798 0.0447371 0.00151295 0.935761 0.00405798 0.822421 0.00362517 0.0447436 0.00138146 0.952134 0.00277374 
79.5 -1.91557 0.0207159 -0.0267122 0.00108047 -0.937111 0.00703858 0.797973 0.0041542 0.0490105 0.00171167 0.929363 0.00466565 0.819019 0.00361849 0.0485033 0.00151136 0.949948 0.00286807 0.831135 0.00342116 0.0472791 0.0013975 0.957157 0.00235164 
80.5 -1.96279 0.0218751 -0.0256012 0.00109414 -0.952191 0.0069118 0.788666 0.00442243 0.0444394 0.00162481 0.92072 0.00563826 0.810301 0.00389204 0.0456612 0.00149763 0.94286 0.00354261 0.828673 0.00348591 0.0471683 0.00141165 0.955992 0.00247731 
81.5 -2.01149 0.0232984 -0.0226194 0.00102069 -0.965729 0.00682677 0.812356 0.00374495 0.0531897 0.00171139 0.9446 0.00326277 0.824741 0.00346152 0.049489 0.00148455 0.955892 0.00243245 0.837594 0.00328061 0.0496395 0.00141563 0.961535 0.00205863 
82.5 -2.13626 0.0268289 -0.0183186 0.000964121 -1.00122 0.00677682 0.803132 0.00400281 0.0485697 0.00163493 0.938677 0.00387481 0.817962 0.00364834 0.0480747 0.00150196 0.950325 0.00287599 0.828651 0.00347244 0.0465218 0.00138773 0.956627 0.00242286 
83.5 -2.21378 0.0295034 -0.0160595 0.000911078 -1.01844 0.00688775 0.7991 0.00414984 0.04835 0.00168524 0.929718 0.00462586 0.826176 0.00345471 0.0512914 0.00154304 0.954334 0.0025102 0.844507 0.00305371 0.0517342 0.00140542 0.96626 0.00169256 
84.5 -2.2411 0.0302412 -0.0150811 0.000888056 -1.02634 0.0069353 0.795744 0.00421018 0.0465666 0.00164065 0.928239 0.0047902 0.809418 0.00390141 0.0441466 0.00145152 0.942521 0.00354471 0.829718 0.00345091 0.0465318 0.00138067 0.957286 0.00238196 
85.5 -2.39091 0.0359011 -0.01126 0.000772149 -1.05847 0.00730842 0.793169 0.00423585 0.045246 0.00159853 0.929082 0.00476451 0.816518 0.00369277 0.0473954 0.00149607 0.948569 0.0030106 0.832204 0.00338779 0.0482616 0.00141596 0.958099 0.0022907 
86.5 -2.61532 0.046304 -0.00895141 0.00072488 -1.09551 0.00830219 0.803338 0.00402377 0.048617 0.00165129 0.935309 0.00409368 0.825439 0.00343967 0.0497172 0.0014893 0.955487 0.00244574 0.838667 0.00325116 0.0496481 0.0014112 0.961365 0.00204629 
87.5 -2.78642 0.0545053 -0.00639288 0.000609836 -1.12818 0.00916285 0.792665 0.00434691 0.0459111 0.00165695 0.92274 0.00536832 0.82975 0.00338005 0.0523535 0.00154582 0.956822 0.00232913 0.841684 0.00316221 0.0515836 0.00143409 0.963994 0.00187321 
88.5 -2.83484 0.0575999 -0.00597568 0.000583334 -1.13364 0.00944641 0.79644 0.00420484 0.0464815 0.00163766 0.927691 0.00481886 0.825297 0.00345617 0.0499096 0.00150355 0.954229 0.0025117 0.844093 0.0030739 0.0522819 0.00142894 0.965409 0.0017438 
89.5 -3.16499 0.0798824 -0.00362352 0.000444387 -1.18049 0.0115627 0.776244 0.00487415 0.0394839 0.00156265 0.897947 0.00832278 0.821698 0.00357395 0.0485598 0.00149726 0.951289 0.00275956 0.837337 0.00330562 0.0496272 0.0014297 0.95951 0.00216844 
90.5 -3.5958 0.112136 -0.00213397 0.000358267 -1.24538 0.015015 0.794902 0.00420175 0.046206 0.00162482 0.929241 0.00471772 0.831343 0.00331084 0.0531882 0.00154437 0.959338 0.00216285 0.837397 0.00325786 0.0511302 0.00145621 0.961393 0.00204178 
91.5 -3.99789 0.153185 -0.00121243 0.000258348 -1.29581 0.0193401 0.791281 0.00437288 0.0452611 0.00163929 0.922605 0.00542431 0.819751 0.00363726 0.0493888 0.00154294 0.949372 0.00292229 0.842438 0.00314394 0.0527856 0.00146722 0.963405 0.00187611 
92.5 -4.28332 0.190475 -0.00114324 0.000260164 -1.31593 0.022917 0.79877 0.00420039 0.0480333 0.00168949 0.927374 0.00484031 0.823739 0.00351446 0.0501822 0.00152746 0.953111 0.00261058 0.853743 0.00280038 0.0569687 0.00145906 0.97112 0.00136343 
93.5 -5.01117 0.325287 -0.000645279 0.000191912 -1.37715 0.0318221 0.811665 0.00380268 0.0543075 0.00177037 0.941646 0.0034736 0.832984 0.00329139 0.05553 0.00161132 0.95851 0.00219144 0.854445 0.00283741 0.0579201 0.00148935 0.970829 0.00139824 
94.5 -5.95803 0.532898 -0.000319335 0.000143222 -1.47343 0.0498221 0.796633 0.00419517 0.0465804 0.00163331 0.929691 0.00467198 0.824581 0.00344649 0.0504297 0.00151389 0.955294 0.00245627 0.837718 0.0032147 0.0500521 0.00141346 0.962473 0.00196012 
95.5 -nan nan 0 0 -nan nan 0.791058 0.00432138 0.0436181 0.00156425 0.925859 0.00511977 0.826186 0.00343021 0.0487907 0.00145321 0.956731 0.00237248 0.84073 0.00316304 0.0503123 0.00140179 0.963762 0.00187505 
96.5 -9.73381 nan -4.65996e-07 4.65996e-07 -1.69451 nan 0.801358 0.00403477 0.0482027 0.00164423 0.934547 0.00416912 0.829111 0.00339226 0.0524428 0.00155738 0.955643 0.00240226 0.848646 0.00297924 0.0547039 0.00146227 0.967147 0.00161956 
97.5 -nan nan 0 0 -nan nan 0.792991 0.00428188 0.0449381 0.00160452 0.925544 0.00508358 0.821862 0.00355012 0.0492437 0.00151379 0.951531 0.00271565 0.84304 0.00308027 0.0508975 0.00139218 0.965673 0.00173077 
98.5 -nan nan 0 0 -nan nan 0.795929 0.00422506 0.0465331 0.00164261 0.927818 0.00485126 0.824789 0.00346495 0.0500921 0.00151086 0.954266 0.00250305 0.839723 0.0031923 0.0502446 0.00140851 0.96321 0.00191776 
99.5 -nan nan 0 0 -nan nan 0.795622 0.00418203 0.0464415 0.00162583 0.930376 0.00460553 0.825756 0.00346677 0.0519866 0.00156704 0.954191 0.00252053 0.847582 0.00300188 0.0551207 0.00147706 0.967368 0.00162144 
