0.5 0.570144 0.0474333 0.00229562 0.000802636 -0.949691 0.238411 0.590712 0.041668 0.00264446 0.000783193 0.764249 0.33393 0.723853 0.0174751 0.00887926 0.00106913 0.928 0.0213503 0.762542 0.0132299 0.0139215 0.00134992 0.941686 0.0125733 
1.5 0.602369 0.0375017 0.00321474 0.00085913 -0.775621 0.373473 0.676635 0.0255393 0.00547446 0.00090516 0.969555 0.0233598 0.70445 0.0192908 0.00860926 0.00114283 0.911887 0.0318062 0.757874 0.0132905 0.0138777 0.00133975 0.949471 0.0118043 
2.5 0.598183 0.0412345 0.00340038 0.000984548 0.830948 0.187305 0.634105 0.0316325 0.00483276 0.00104579 0.842168 0.119767 0.724674 0.0167706 0.0110247 0.00128795 0.931761 0.0204716 0.763413 0.0130639 0.0156766 0.00151671 0.938255 0.0132574 
3.5 0.535262 0.0560362 0.00246655 0.00107753 -1.13129 0.215208 0.698404 0.0228056 0.00728012 0.00106416 0.971072 0.0182328 0.751892 0.0144125 0.0132187 0.00135482 0.942796 0.0134475 0.790399 0.0108733 0.0189138 0.00156898 0.959386 0.00731948 
4.5 0.5918 0.0408842 0.00371767 0.00109179 -0.819694 0.325148 0.641798 0.028497 0.00539375 0.0010794 -0.367196 19.3574 0.750177 0.0140326 0.0142446 0.0014499 0.938151 0.0149763 0.78189 0.0113346 0.0197385 0.00171628 0.950486 0.0091386 
5.5 0.578131 0.0425605 0.00399084 0.00125038 -0.967271 0.207337 0.666352 0.0245945 0.00664907 0.00113016 0.821162 0.101993 0.766703 0.0125345 0.0178397 0.00167725 0.941547 0.0120775 0.798772 0.0101107 0.0232267 0.0018594 0.95766 0.00690013 
6.5 0.627793 0.0304477 0.00636749 0.00136624 0.487807 3.86932 0.686049 0.0218824 0.00839867 0.0012737 0.849745 0.0666489 0.759429 0.0129924 0.0180816 0.00175914 0.935205 0.014092 0.809586 0.00926284 0.0258636 0.00193895 0.964517 0.00552632 
7.5 0.622058 0.0317449 0.00667326 0.00150225 -0.719132 0.43097 0.673012 0.0228753 0.00896159 0.00142404 0.847577 0.0765172 0.755914 0.0135368 0.018741 0.00190607 0.918933 0.018164 0.81622 0.00887866 0.0293889 0.00212968 0.96766 0.00488864 
8.5 0.689827 0.0214943 0.0107311 0.001588 0.873211 0.053206 0.71515 0.0181152 0.0120743 0.00150736 0.923577 0.0249776 0.783593 0.011118 0.0225548 0.00193151 0.952872 0.00869278 0.814151 0.00896552 0.0283658 0.00208922 0.964622 0.00525116 
9.5 0.685321 0.0205939 0.0112692 0.00164679 0.834449 0.0756649 0.720736 0.0165102 0.0131488 0.00155234 0.911973 0.02648 0.808594 0.00936462 0.027994 0.00213554 0.960497 0.00601588 0.841101 0.00745839 0.0359118 0.00234883 0.970966 0.00362268 
10.5 0.739884 0.0152646 0.0181334 0.0020026 0.914891 0.0219882 0.748826 0.0144127 0.0161988 0.00166408 0.943537 0.013878 0.814421 0.00892657 0.0310859 0.00228677 0.964422 0.00523072 0.831214 0.00795526 0.0354942 0.00245019 0.965838 0.00438533 
11.5 0.749887 0.0140375 0.0193664 0.00198054 0.93474 0.0155461 0.73946 0.0147304 0.016413 0.00177274 0.918025 0.0206466 0.798098 0.00996327 0.0289702 0.00233142 0.953612 0.00753455 0.830042 0.00799991 0.0356633 0.0024606 0.966785 0.00437043 
12.5 0.781344 0.0114616 0.027718 0.00241379 0.952502 0.00914125 0.781065 0.0113532 0.0265279 0.00234063 0.94379 0.0103384 0.827133 0.00814478 0.0394963 0.00276671 0.965242 0.00468264 0.849644 0.0070299 0.0444974 0.00280013 0.972984 0.00320961 
13.5 0.784921 0.0110543 0.0317735 0.00273521 0.948515 0.00933206 0.790856 0.010439 0.030835 0.00258182 0.947623 0.00882719 0.828403 0.00808226 0.04093 0.00286955 0.963963 0.00475083 0.856256 0.00654836 0.0500692 0.00302523 0.975196 0.00284964 
14.5 0.791711 0.0103527 0.0372317 0.00312735 0.944281 0.00938106 0.789578 0.0104865 0.033227 0.00283572 0.939989 0.0101349 0.843088 0.00729003 0.0486345 0.00317417 0.969416 0.00364454 0.865218 0.00588337 0.0544995 0.00304345 0.981125 0.00208831 
15.5 0.826404 0.00818336 0.0468625 0.0032646 0.967336 0.00447577 0.802922 0.00968087 0.0340384 0.00266898 0.957402 0.00674803 0.843528 0.00719817 0.0487979 0.00312185 0.972757 0.00334804 0.860913 0.0064524 0.0532384 0.00316821 0.975916 0.00269563 
16.5 0.833654 0.00762256 0.0555589 0.00371844 0.969477 0.00392055 0.81862 0.00868223 0.0408581 0.00297974 0.962641 0.00529717 0.859097 0.00638915 0.0567873 0.00334775 0.977545 0.00257809 0.879906 0.0053414 0.0628444 0.00328039 0.983409 0.00175977 
17.5 0.841731 0.00730106 0.0596517 0.00389488 0.969815 0.00371513 0.816452 0.00892602 0.0402037 0.00301723 0.957387 0.00604236 0.852096 0.00669063 0.0552587 0.00341137 0.973431 0.0030416 0.872132 0.00576167 0.060197 0.00333076 0.97999 0.00213956 
18.5 0.853444 0.0065555 0.0691915 0.00419298 0.975485 0.00284438 0.830109 0.00812035 0.0510868 0.0036132 0.961437 0.00510749 0.866796 0.00611127 0.0657046 0.00380648 0.976583 0.00251895 0.869998 0.00599802 0.0614649 0.00347648 0.978731 0.00232787 
19.5 0.85502 0.0067507 0.0791303 0.00495369 0.970422 0.00336523 0.84502 0.0071759 0.0601397 0.00389225 0.969725 0.00362986 0.878555 0.00544848 0.0752159 0.00401252 0.981597 0.00190527 0.873325 0.00582205 0.0660897 0.00368613 0.97891 0.00222754 
20.5 0.865227 0.00601767 0.0841339 0.00484279 0.977421 0.00242807 0.852195 0.00689772 0.0623924 0.0039258 0.971291 0.00337848 0.886071 0.00507608 0.0800162 0.0040979 0.982924 0.00168104 0.879252 0.00544454 0.0647845 0.00344374 0.981856 0.00189394 
21.5 0.865093 0.00605753 0.0845161 0.0048805 0.977198 0.00251026 0.847144 0.00728893 0.0623707 0.00408962 0.967233 0.00396941 0.869626 0.00604244 0.0691704 0.00394299 0.97793 0.00245526 0.874193 0.00589541 0.0664671 0.00374824 0.977531 0.00239215 
22.5 0.873136 0.00581041 0.102256 0.00576358 0.977387 0.00241943 0.859779 0.00662953 0.0759604 0.00467975 0.971321 0.00327898 0.884377 0.00535079 0.085839 0.00455011 0.980527 0.00199438 0.890266 0.00502466 0.0776786 0.00393379 0.982978 0.00170172 
23.5 0.876663 0.00567618 0.107148 0.00595749 0.977739 0.00232617 0.865971 0.00649497 0.081424 0.00492109 0.97224 0.00317306 0.879015 0.00568637 0.0834943 0.00461699 0.977987 0.00230371 0.873067 0.005996 0.0680803 0.00387406 0.97706 0.00252073 
24.5 0.876857 0.00592759 0.111491 0.00635666 0.975451 0.00265414 0.862797 0.00669398 0.0816201 0.00505722 0.969923 0.00347945 0.876706 0.00597906 0.080033 0.00455083 0.976179 0.00263092 0.867297 0.0063818 0.0629409 0.00374834 0.973684 0.00299833 
25.5 0.875908 0.00623257 0.119615 0.00705052 0.972302 0.00310512 0.871309 0.00640745 0.0957778 0.00574601 0.971594 0.0032335 0.870714 0.00642671 0.0824731 0.00493799 0.972204 0.00318506 0.867361 0.00657295 0.0674925 0.00407138 0.972734 0.00324086 
26.5 0.886929 0.00538265 0.125184 0.00668399 0.979185 0.00215801 0.860446 0.0069855 0.0816802 0.00520604 0.967169 0.00394395 0.868296 0.00653926 0.0758295 0.00459263 0.971574 0.00331137 0.852432 0.00756672 0.0555717 0.00371508 0.963741 0.00466839 
27.5 0.87975 0.00596017 0.120962 0.00690982 0.974655 0.00278467 0.863045 0.00692098 0.0847779 0.00536383 0.967476 0.00389261 0.864599 0.00673241 0.0737374 0.00457711 0.969387 0.00357913 0.856681 0.00721725 0.0572252 0.00371288 0.966286 0.00415459 
28.5 0.880513 0.00619813 0.130222 0.00762024 0.972146 0.00315871 0.854672 0.00762182 0.0835468 0.00567111 0.960006 0.00514929 0.854012 0.00763063 0.0703515 0.00475682 0.961199 0.00501278 0.837615 0.00854027 0.0511091 0.0037398 0.95379 0.00655572 
29.5 0.864179 0.00734258 0.114587 0.00757051 0.961364 0.00488456 0.845053 0.00833795 0.0764792 0.005551 0.951777 0.00672857 0.844203 0.00841914 0.0640459 0.00466198 0.952033 0.0067406 0.824067 0.00972811 0.0440261 0.00356113 0.937951 0.00997028 
30.5 0.862532 0.00738313 0.112375 0.00747704 0.96054 0.00496494 0.853006 0.00779123 0.0795948 0.00548372 0.958327 0.005487 0.84952 0.00802807 0.0650339 0.00455409 0.957342 0.00580618 0.812777 0.0102639 0.0382661 0.00322064 0.932983 0.0113506 
31.5 0.845674 0.00876481 0.0994727 0.00747279 0.945597 0.0080154 0.823689 0.0099592 0.0649727 0.00538588 0.930972 0.0114724 0.806001 0.0114018 0.047746 0.0043983 0.90713 0.0181392 0.76038 0.0152033 0.0271157 0.00317011 0.802612 0.0690854 
32.5 0.849443 0.00863486 0.107372 0.00797679 0.946591 0.00777863 0.809317 0.011402 0.0598187 0.00551073 0.905585 0.0185912 0.781206 0.0134701 0.039528 0.00417694 0.858658 0.0366056 0.732608 0.0181083 0.0222675 0.00304183 -0.489913 1.68938 
33.5 0.809777 0.011789 0.0793649 0.00753909 0.892542 0.0224112 0.780277 0.0140325 0.0479987 0.00525662 0.834754 0.0479849 0.752438 0.0166009 0.0317377 0.00402366 0.68152 0.204141 0.67852 0.0258082 0.0148889 0.00286464 -1.01068 0.0994498 
34.5 0.774367 0.0154178 0.0615334 0.00730396 0.761278 0.0992404 0.744919 0.0181759 0.0372238 0.0051084 -0.649566 0.347199 0.686265 0.0255441 0.0189131 0.00358904 -1.00504 0.0994136 0.603463 0.0407495 0.00805258 0.00250989 -1.26135 0.12845 
35.5 0.757049 0.0174084 0.0538996 0.00711421 -0.441254 14.808 0.690971 0.0255177 0.0250548 0.00474933 -1.01068 0.0977355 0.616377 0.0389686 0.0112767 0.003333 -1.24155 0.122058 0.344328 0.251599 0.000737461 0.00219098 -2.40518 1.81072 
36.5 0.709433 0.0235601 0.0387733 0.00678474 -0.961127 0.100482 0.637438 0.035083 0.0169433 0.00445936 -1.18855 0.110878 0.4484 0.113191 0.00284614 0.00300447 -1.839 0.507171 -0.589756 0.0573405 -0.0056379 0.00193698 1.49127 0.120922 
37.5 0.6365 0.036931 0.0229978 0.00636866 -1.21975 0.114384 0.483389 0.0929912 0.00502021 0.00409766 -1.71859 0.372167 -0.521836 0.0821868 -0.00465822 0.00271841 1.67309 0.233363 -0.717158 0.0365552 -0.0107678 0.00170414 1.27707 0.0484048 
38.5 0.453674 0.116202 0.00513986 0.00551598 -1.85986 0.519194 -0.559119 0.0690818 -0.0075762 0.00337907 1.58497 0.168646 -0.676979 0.0424766 -0.0113376 0.00229957 1.34743 0.0653158 -0.812679 0.0288073 -0.014938 0.00142614 1.16719 0.0292978 
39.5 -0.454292 0.127681 -0.00473418 0.00508481 1.93504 0.506978 -0.657149 0.0468636 -0.0133914 0.00315701 1.39017 0.0781283 -0.784728 0.0314133 -0.0180995 0.00200344 1.20745 0.0343879 -0.865508 0.0263987 -0.0177875 0.00134851 1.11831 0.0238764 
40.5 -0.651293 0.0496554 -0.0178812 0.00451856 1.41689 0.0861095 -0.749103 0.035664 -0.019733 0.00273257 1.26235 0.0438084 -0.849527 0.0279413 -0.0202734 0.00165526 1.14379 0.0261248 -0.926754 0.0245379 -0.0179329 0.00111288 1.0653 0.0202114 
41.5 -0.799371 0.0325748 -0.0325903 0.00349425 1.21526 0.0348544 -0.886178 0.026989 -0.029876 0.00201845 1.12089 0.0233942 -0.947465 0.024444 -0.0255012 0.00134986 1.06135 0.0193392 -1.01516 0.0228134 -0.0213571 0.000997956 1.00101 0.0175589 
42.5 -0.865949 0.0290092 -0.0401605 0.00302952 1.15246 0.0263333 -0.943856 0.0254926 -0.0332555 0.0017231 1.07729 0.0200625 -1.01309 0.0233336 -0.0275408 0.00117643 1.0132 0.0175785 -1.07762 0.0223917 -0.0218138 0.000974563 0.953564 0.0176947 
43.5 -0.950074 0.026108 -0.0472656 0.00231252 1.08252 0.0202567 -1.0122 0.0240037 -0.0360334 0.00144668 1.02364 0.0176807 -1.05965 0.0230588 -0.027265 0.00113183 0.978045 0.017244 -1.12827 0.0223768 -0.0212079 0.000962082 0.913914 0.0188532 
44.5 -1.04778 0.024792 -0.0535812 0.00164672 1.01468 0.0173637 -1.10082 0.0237403 -0.0374212 0.00123432 0.964803 0.0171279 -1.15567 0.0233628 -0.0271953 0.00107028 0.912545 0.0187194 -1.22327 0.0232589 -0.0200536 0.0010227 0.829834 0.0258893 
45.5 -1.08456 0.0244946 -0.0562285 0.00153394 0.988555 0.017002 -1.15678 0.0237803 -0.041627 0.00129139 0.92623 0.017944 -1.20786 0.0236942 -0.0300853 0.00120213 0.872786 0.0209374 -1.2697 0.0238455 -0.0224501 0.00111597 0.79193 0.0305032 
46.5 -1.16835 0.0246839 -0.0572231 0.00144266 0.93165 0.0177053 -1.23103 0.0243806 -0.0397647 0.00140457 0.867611 0.0211415 -1.28676 0.0245192 -0.0282219 0.00128015 0.794372 0.0297788 -1.34206 0.0249076 -0.0193505 0.00108807 0.667687 0.0677548 
47.5 -1.24523 0.0254122 -0.0576331 0.00163297 0.875211 0.0206309 -1.31052 0.0255311 -0.0383063 0.0015992 0.790088 0.0305188 -1.36639 0.0259515 -0.0261981 0.00142128 0.652209 0.0762544 -1.42844 0.026856 -0.0182527 0.0012197 -0.66631 0.0662709 
48.5 -1.2855 0.0260309 -0.0581544 0.00179424 0.842667 0.0235599 -1.33876 0.0261537 -0.0396421 0.00168693 0.761263 0.0360817 -1.39175 0.0267337 -0.027647 0.00146124 0.613591 0.10356 -1.45235 0.0275744 -0.0192748 0.00123313 -0.67802 0.0607214 
49.5 -1.43172 0.0292511 -0.05108 0.00226409 0.639299 0.085654 -1.48383 0.0300797 -0.0334602 0.00187513 -0.632418 0.0861286 -1.55273 0.0312876 -0.0217574 0.00155364 -0.786828 0.0301351 -1.61607 0.0328725 -0.0147803 0.00126105 -0.85441 0.0213789 
50.5 -1.48737 0.0305654 -0.0446887 0.00234494 -0.596417 0.114838 -1.54347 0.0317553 -0.0275084 0.00177729 -0.750566 0.0376499 -1.59927 0.0332548 -0.0170596 0.00132138 -0.823777 0.0251137 -1.64886 0.03469 -0.0105744 0.000982517 -0.877666 0.0203007 
51.5 -1.69561 0.0389922 -0.0352163 0.00258453 -0.842876 0.0232157 -1.76633 0.0409998 -0.0218915 0.00195865 -0.89718 0.0184351 -1.83651 0.0433092 -0.0137409 0.00145128 -0.938553 0.0163225 -1.90915 0.0461503 -0.0087191 0.00105411 -0.971462 0.0156131 
52.5 -1.65463 0.0374228 -0.0371356 0.00249685 -0.811705 0.0271289 -1.70987 0.0388733 -0.0222634 0.00180551 -0.865605 0.0208875 -1.77577 0.0407208 -0.0133207 0.00132595 -0.917108 0.0177871 -1.86355 0.0446028 -0.00823702 0.00101152 -0.965924 0.0177916 
53.5 -1.74559 0.0415227 -0.0307895 0.00244142 -0.869308 0.0207599 -1.82391 0.0442995 -0.0185831 0.00178329 -0.918483 0.0175106 -1.91153 0.0478165 -0.0112154 0.00129604 -0.962329 0.016173 -1.98123 0.0514195 -0.00703066 0.00093598 -0.992576 0.0160729 
54.5 -1.86631 0.047626 -0.0266682 0.00249558 -0.921437 0.0177766 -1.93151 0.0503274 -0.01635 0.00175822 -0.953249 0.0165795 -2.01119 0.0544236 -0.010188 0.00125995 -0.984327 0.0161091 -2.08037 0.0581543 -0.00665261 0.000930472 -1.0101 0.0160019 
55.5 -1.97319 0.0543003 -0.021168 0.00228252 -0.957515 0.0166977 -2.05035 0.0579903 -0.0128071 0.00159416 -0.98871 0.0163645 -2.13984 0.0630061 -0.00804808 0.00115027 -1.01853 0.0165548 -2.21714 0.0680398 -0.00545137 0.000875841 -1.04232 0.0167887 
56.5 -2.09233 0.0624939 -0.0185873 0.00229595 -0.990896 0.0165379 -2.19437 0.0686787 -0.0114469 0.00165477 -1.02387 0.0167828 -2.28196 0.0739286 -0.00709077 0.00118731 -1.05283 0.0171828 -2.36682 0.0792737 -0.00459394 0.000869754 -1.07775 0.018034 
57.5 -2.28423 0.0794552 -0.0137697 0.00205898 -1.03355 0.0172239 -2.38597 0.0846328 -0.00831097 0.00151202 -1.07083 0.0177515 -2.50457 0.0941257 -0.00575304 0.00118135 -1.09716 0.0195104 -2.61082 0.104184 -0.0040389 0.000919132 -1.11864 0.020972 
58.5 -2.45842 0.0991186 -0.0109595 0.0018253 -1.06048 0.0189384 -2.53715 0.10452 -0.00621171 0.00119719 -1.0866 0.0198367 -2.61915 0.111983 -0.0037217 0.000821606 -1.11093 0.0218663 -2.70509 0.122305 -0.0022092 0.000569956 -1.13817 0.0272115 
59.5 -2.5961 0.111778 -0.00697043 0.00139529 -1.09538 0.0202381 -2.71847 0.121627 -0.00362244 0.000878252 -1.13105 0.0227266 -2.87866 0.140576 -0.00225233 0.000633022 -1.16131 0.0255171 -3.06231 0.156631 -0.0014419 0.000501275 -1.205 0.0293146 
60.5 -2.69933 0.124589 -0.00633064 0.00137265 -1.11253 0.0212832 -2.83457 0.136544 -0.00328241 0.0008397 -1.14517 0.0235313 -2.958 0.15264 -0.00173152 0.000492372 -1.16675 0.0256519 -3.01087 0.160608 -0.000951219 0.000284852 -1.17652 0.0265049 
61.5 -3.11537 0.18862 -0.00403585 0.00117675 -1.17497 0.0281534 -3.25049 0.210332 -0.00228914 0.000756503 -1.19937 0.0312584 -3.39981 0.231537 -0.00117914 0.000465536 -1.23314 0.034311 -3.48259 0.243933 -0.000630553 0.00028512 -1.25867 0.0354615 
62.5 -3.17899 0.209179 -0.00344105 0.00100148 -1.17519 0.0283689 -3.2789 0.220191 -0.00177387 0.000576386 -1.19741 0.0315613 -3.46293 0.25206 -0.000823996 0.000306906 -1.22658 0.0371531 -3.54145 0.273693 -0.000481794 0.000191716 -1.23792 0.037308 
63.5 -3.51076 0.27739 -0.00262421 0.000947745 -1.2214 0.036194 -3.719 0.330371 -0.00144959 0.000585469 -1.24676 0.0432537 -3.82107 0.368165 -0.000832165 0.000348805 -1.25489 0.0453681 -3.91783 0.395407 -0.000473229 0.000211367 -1.26797 0.0477658 
64.5 -2.99957 0.173077 -0.00458666 0.00120871 -1.15381 0.0256788 -3.14323 0.191992 -0.00267823 0.000827212 -1.18425 0.0284923 -3.31678 0.216887 -0.00181006 0.000646484 -1.21464 0.0318085 -3.48344 0.242197 -0.00120054 0.00048858 -1.24238 0.0365206 
65.5 -3.88555 0.410591 -0.00114423 0.000465978 -1.25094 0.0463702 -3.99378 0.434035 -0.00043856 0.000199686 -1.2716 0.0477051 -4.03223 0.4136 -0.000181533 9.17136e-05 -1.291 0.0478089 -4.22404 0.455026 -7.71171e-05 4.37603e-05 -1.31826 0.0598329 
66.5 -4.22397 0.535091 -0.00108408 0.000542806 -1.29269 0.0541329 -4.30065 0.534595 -0.000544632 0.000304245 -1.31301 0.0533433 -4.39001 0.533931 -0.000265045 0.000163724 -1.33365 0.0533428 -4.48628 0.540289 -0.000128074 8.49837e-05 -1.35034 0.0555674 
67.5 -4.0358 0.460358 -0.000904294 0.000407736 -1.27097 0.0494264 -4.11905 0.462666 -0.000448149 0.000229516 -1.2941 0.0500229 -4.2974 0.488424 -0.000210423 0.000126257 -1.32782 0.0546296 -4.572 0.567837 -0.000147543 0.000100007 -1.35819 0.0679194 
68.5 -4.54949 0.69722 -0.000868814 0.000500276 -1.32622 0.072404 -4.67374 0.734275 -0.000388314 0.000245154 -1.34566 0.0790469 -4.73001 0.686133 -0.000177251 0.000122582 -1.36361 0.0722191 -4.95858 0.664559 -8.60559e-05 6.88383e-05 -1.39638 0.0512765 
69.5 -4.79826 0.836922 -0.000444016 0.000289098 -1.35091 0.0669677 -5.06969 0.688026 -0.000123242 0.000101898 -1.40324 0.0428415 -5.46111 0.539811 -3.45916e-05 3.23511e-05 -1.43747 0.0221432 -5.72376 0.490605 -9.17552e-06 8.88623e-06 -1.44817 0.0128116 
70.5 -nan nan 0 0 -nan nan -nan nan 0 0 -nan nan -nan nan 0 0 -nan nan -nan nan 0 0 -nan nan 
71.5 -6.21814 nan -7.50162e-05 7.50161e-05 -1.45871 nan -6.21814 nan -2.02816e-05 2.02816e-05 -1.45871 nan -6.21814 nan -5.55553e-06 5.55553e-06 -1.45871 inf -6.21814 nan -1.65134e-06 1.65134e-06 -1.45871 0.448703 
72.5 -nan nan 0 0 -nan nan -nan nan 0 0 -nan nan -nan nan 0 0 -nan nan -nan nan 0 0 -nan nan 
73.5 -6.21814 nan -0.000360465 0.000360464 -1.45871 nan -6.21814 nan -0.000182458 0.000182458 -1.45871 nan -6.21814 nan -7.60945e-05 7.60945e-05 -1.45871 nan -6.21814 nan -2.67332e-05 2.67332e-05 -1.45871 nan 
74.5 -nan nan 0 0 -nan nan -nan nan 0 0 -nan nan -nan nan 0 0 -nan nan -nan nan 0 0 -nan nan 
75.5 -nan nan 0 0 -nan nan -nan nan 0 0 -nan nan -nan nan 0 0 -nan nan -nan nan 0 0 -nan nan 
76.5 -nan nan 0 0 -nan nan -nan nan 0 0 -nan nan -nan nan 0 0 -nan nan -nan nan 0 0 -nan nan 
77.5 -nan nan 0 0 -nan nan -nan nan 0 0 -nan nan -nan nan 0 0 -nan nan -nan nan 0 0 -nan nan 
78.5 -nan nan 0 0 -nan nan -nan nan 0 0 -nan nan -nan nan 0 0 -nan nan -nan nan 0 0 -nan nan 
79.5 -nan nan 0 0 -nan nan -nan nan 0 0 -nan nan -nan nan 0 0 -nan nan -nan nan 0 0 -nan nan 
80.5 -nan nan 0 0 -nan nan -nan nan 0 0 -nan nan -nan nan 0 0 -nan nan -nan nan 0 0 -nan nan 
81.5 -nan nan 0 0 -nan nan -nan nan 0 0 -nan nan -nan nan 0 0 -nan nan -nan nan 0 0 -nan nan 
82.5 -nan nan 0 0 -nan nan -nan nan 0 0 -nan nan -nan nan 0 0 -nan nan -nan nan 0 0 -nan nan 
83.5 -nan nan 0 0 -nan nan -nan nan 0 0 -nan nan -nan nan 0 0 -nan nan -nan nan 0 0 -nan nan 
84.5 -nan nan 0 0 -nan nan -nan nan 0 0 -nan nan -nan nan 0 0 -nan nan -nan nan 0 0 -nan nan 
85.5 -nan nan 0 0 -nan nan -nan nan 0 0 -nan nan -nan nan 0 0 -nan nan -nan nan 0 0 -nan nan 
86.5 -nan nan 0 0 -nan nan -nan nan 0 0 -nan nan -nan nan 0 0 -nan nan -nan nan 0 0 -nan nan 
87.5 -nan nan 0 0 -nan nan -nan nan 0 0 -nan nan -nan nan 0 0 -nan nan -nan nan 0 0 -nan nan 
88.5 -nan nan 0 0 -nan nan -nan nan 0 0 -nan nan -nan nan 0 0 -nan nan -nan nan 0 0 -nan nan 
89.5 -nan nan 0 0 -nan nan -nan nan 0 0 -nan nan -nan nan 0 0 -nan nan -nan nan 0 0 -nan nan 
90.5 -nan nan 0 0 -nan nan -nan nan 0 0 -nan nan -nan nan 0 0 -nan nan -nan nan 0 0 -nan nan 
91.5 -nan nan 0 0 -nan nan -nan nan 0 0 -nan nan -nan nan 0 0 -nan nan -nan nan 0 0 -nan nan 
92.5 -nan nan 0 0 -nan nan -nan nan 0 0 -nan nan -nan nan 0 0 -nan nan -nan nan 0 0 -nan nan 
93.5 -nan nan 0 0 -nan nan -nan nan 0 0 -nan nan -nan nan 0 0 -nan nan -nan nan 0 0 -nan nan 
94.5 -nan nan 0 0 -nan nan -nan nan 0 0 -nan nan -nan nan 0 0 -nan nan -nan nan 0 0 -nan nan 
95.5 -nan nan 0 0 -nan nan -nan nan 0 0 -nan nan -nan nan 0 0 -nan nan -nan nan 0 0 -nan nan 
96.5 -nan nan 0 0 -nan nan -nan nan 0 0 -nan nan -nan nan 0 0 -nan nan -nan nan 0 0 -nan nan 
97.5 -nan nan 0 0 -nan nan -nan nan 0 0 -nan nan -nan nan 0 0 -nan nan -nan nan 0 0 -nan nan 
98.5 -nan nan 0 0 -nan nan -nan nan 0 0 -nan nan -nan nan 0 0 -nan nan -nan nan 0 0 -nan nan 
99.5 -nan nan 0 0 -nan nan -nan nan 0 0 -nan nan -nan nan 0 0 -nan nan -nan nan 0 0 -nan nan 
