0.5 0.219415 0.00307921 0.204445 0.00266424 0.234273 0.00306413 0.251239 0.00320123 
1.5 0.226655 0.00311582 0.210901 0.00285069 0.236892 0.0031042 0.260061 0.00338462 
2.5 0.232998 0.00326834 0.210895 0.00270602 0.239927 0.00315024 0.259777 0.00329486 
3.5 0.241882 0.00328237 0.215697 0.00273362 0.243873 0.00309858 0.268199 0.00339061 
4.5 0.250345 0.00319533 0.217737 0.00284806 0.249557 0.00328907 0.268507 0.00343214 
5.5 0.260128 0.00359914 0.222027 0.00299877 0.2567 0.00344015 0.27062 0.00343284 
6.5 0.265488 0.00347473 0.224498 0.00305229 0.256603 0.00341436 0.270432 0.00353856 
7.5 0.274862 0.00348585 0.231113 0.0031 0.264298 0.00359788 0.278142 0.00357266 
8.5 0.285722 0.00364282 0.232906 0.00299632 0.268666 0.00358589 0.27993 0.00347714 
9.5 0.296819 0.00363544 0.246889 0.00320803 0.280394 0.00346793 0.295732 0.00364034 
10.5 0.312032 0.00363443 0.24996 0.00327453 0.289544 0.00369719 0.301828 0.00379338 
11.5 0.314915 0.00373476 0.255287 0.00333835 0.294994 0.0035988 0.305584 0.00381787 
12.5 0.32404 0.0036071 0.255369 0.00335482 0.297547 0.00388709 0.311274 0.00380619 
13.5 0.339379 0.00379681 0.26426 0.00341069 0.312806 0.0038713 0.317437 0.00372855 
14.5 0.350962 0.00394422 0.267913 0.00349759 0.311892 0.00381389 0.328348 0.00406314 
15.5 0.358748 0.00377675 0.280764 0.00360649 0.325899 0.00389832 0.333422 0.00405618 
16.5 0.372674 0.00383291 0.284574 0.00348751 0.332818 0.00392209 0.341891 0.00392442 
17.5 0.38538 0.00379173 0.286319 0.00354119 0.341706 0.00403349 0.352929 0.00412043 
18.5 0.399096 0.00378259 0.298883 0.00370547 0.349785 0.00403781 0.357994 0.0041145 
19.5 0.402511 0.00383326 0.302053 0.0037637 0.361271 0.00411204 0.368737 0.00415332 
20.5 0.407677 0.00387618 0.306372 0.00363415 0.363751 0.00413025 0.369406 0.00401335 
21.5 0.423377 0.00400418 0.316991 0.00385851 0.376066 0.00427474 0.37697 0.0041766 
22.5 0.432458 0.00390515 0.327637 0.00399877 0.383288 0.00423069 0.38606 0.00428135 
23.5 0.449225 0.00394976 0.331914 0.00397686 0.39679 0.00424795 0.393124 0.00424579 
24.5 0.453759 0.00403434 0.346531 0.0041841 0.399924 0.00440258 0.397374 0.00436098 
25.5 0.46837 0.00401615 0.355001 0.00427933 0.413123 0.0045229 0.407588 0.00451157 
26.5 0.469513 0.00413612 0.367655 0.00411863 0.41556 0.00434337 0.413854 0.00435464 
27.5 0.471226 0.00407141 0.363026 0.00408779 0.412942 0.00439414 0.415633 0.00441481 
28.5 0.483925 0.00414048 0.370196 0.00425187 0.4251 0.00446397 0.421223 0.00440246 
29.5 0.497301 0.00422615 0.378415 0.00439907 0.437407 0.00449065 0.430108 0.00440754 
30.5 0.497449 0.00416006 0.386663 0.00454946 0.440324 0.00446561 0.440899 0.00447755 
31.5 0.495421 0.00429111 0.400308 0.0044611 0.449457 0.00448325 0.446786 0.00451102 
32.5 0.521746 0.00422875 0.39858 0.00432305 0.460993 0.00439699 0.450448 0.00433283 
33.5 0.515158 0.00435449 0.415687 0.00454587 0.461505 0.00445526 0.45627 0.00444073 
34.5 0.519016 0.00439036 0.428323 0.00457475 0.467249 0.00460697 0.466564 0.00460867 
35.5 0.537317 0.00444866 0.441443 0.00468616 0.481231 0.00450528 0.471625 0.00448296 
36.5 0.542857 0.00445712 0.436302 0.00461245 0.489467 0.00461761 0.473227 0.00453149 
37.5 0.549183 0.00460139 0.443852 0.00457577 0.485903 0.00471235 0.465409 0.00451068 
38.5 0.553225 0.00441738 0.465761 0.00468851 0.498496 0.00450861 0.491977 0.0045198 
39.5 0.558514 0.00451192 0.47129 0.00472128 0.508167 0.00466434 0.490371 0.0046549 
40.5 0.567974 0.00454594 0.47703 0.00472572 0.506558 0.00470125 0.494482 0.00463161 
41.5 0.561726 0.00470386 0.481359 0.00475651 0.514902 0.004773 0.486461 0.00457237 
42.5 0.575264 0.00466177 0.494438 0.00482067 0.510969 0.00478429 0.494015 0.00465496 
43.5 0.586678 0.00470727 0.501562 0.0049328 0.522435 0.00466669 0.501539 0.00474695 
44.5 0.591106 0.0048621 0.513078 0.00490982 0.523435 0.00477874 0.497819 0.0046793 
45.5 0.597287 0.0048419 0.522217 0.00498716 0.531382 0.00483492 0.506162 0.00485617 
46.5 0.597091 0.0047985 0.524372 0.0050102 0.522566 0.00484182 0.501212 0.0048594 
47.5 0.61283 0.00473125 0.539111 0.00502944 0.532634 0.00489883 0.507504 0.00485352 
48.5 0.607864 0.00511292 0.546235 0.00513293 0.531513 0.00502965 0.505231 0.00503735 
49.5 0.613921 0.00529016 0.544787 0.00529056 0.535412 0.00513663 0.50136 0.00515567 
50.5 0.607434 0.0053543 0.542335 0.00517968 0.53073 0.00515394 0.498643 0.00517905 
51.5 0.613248 0.00538907 0.546441 0.00546525 0.528452 0.00530025 0.494429 0.00530337 
52.5 0.622264 0.00536324 0.5476 0.00532007 0.525378 0.00520772 0.480604 0.00523572 
53.5 0.627057 0.00551101 0.56064 0.00547622 0.531583 0.00538935 0.48963 0.00541318 
54.5 0.611187 0.00587548 0.538005 0.00580607 0.511275 0.00563587 0.466407 0.00560942 
55.5 0.603368 0.00620224 0.539704 0.00603368 0.499557 0.00598298 0.455201 0.00596001 
56.5 0.598956 0.00635477 0.534694 0.00622246 0.491988 0.0062265 0.451179 0.00604813 
57.5 0.590791 0.00663138 0.527438 0.00638611 0.479758 0.00619779 0.431708 0.00613899 
58.5 0.575522 0.00675101 0.513216 0.00656203 0.466555 0.00647762 0.427099 0.00637991 
59.5 0.570792 0.00695548 0.505383 0.00671467 0.457926 0.0066275 0.411205 0.00644127 
60.5 0.549746 0.00728328 0.482445 0.00707907 0.431529 0.00694082 0.389082 0.00672502 
61.5 0.534736 0.00739981 0.467623 0.00709968 0.41817 0.00702773 0.375038 0.00679759 
62.5 0.509907 0.00798763 0.447375 0.00758076 0.402003 0.00734767 0.358944 0.00709733 
63.5 0.497194 0.00811881 0.432003 0.00763795 0.382109 0.00740957 0.339331 0.00718441 
64.5 0.479942 0.00825287 0.416828 0.00782808 0.36854 0.0074796 0.326304 0.00727654 
65.5 0.468589 0.00829822 0.405971 0.00783702 0.359141 0.00755625 0.315351 0.00729272 
66.5 0.437002 0.00884342 0.377029 0.00830351 0.328094 0.00791144 0.289423 0.00765581 
67.5 0.38471 0.00908371 0.335615 0.0086137 0.293274 0.00815129 0.262864 0.00775336 
68.5 0.378394 0.00910173 0.329831 0.00855053 0.288633 0.00811672 0.255937 0.00780411 
69.5 0.354334 0.00935455 0.305969 0.00875312 0.268329 0.00832154 0.234273 0.00791437 
70.5 0.319702 0.00956588 0.275579 0.00889827 0.240273 0.00836582 0.208957 0.00794092 
71.5 0.29848 0.00957387 0.256495 0.00890085 0.226085 0.00845815 0.199683 0.00808098 
72.5 0.265267 0.00978124 0.224611 0.00905211 0.194253 0.00851663 0.167763 0.00796041 
73.5 0.240563 0.00984358 0.203362 0.00912688 0.175852 0.00851539 0.154079 0.00793622 
74.5 0.211996 0.00979777 0.178061 0.00899778 0.155125 0.00846249 0.141214 0.00812897 
75.5 0.196202 0.0101507 0.165217 0.0094131 0.142997 0.00882513 0.124381 0.00819863 
76.5 0.188211 0.010059 0.159974 0.00918055 0.138106 0.00850253 0.117538 0.00784275 
77.5 0.161663 0.00995901 0.132429 0.00923357 0.11176 0.00845949 0.096967 0.00784473 
78.5 0.124457 0.0101208 0.101385 0.00947094 0.08546 0.00893144 0.0734465 0.00857964 
79.5 0.105458 0.0103569 0.0821883 0.00960469 0.0717135 0.00925642 0.0609157 0.00869358 
80.5 0.105893 0.0100791 0.0882379 0.00909751 0.0725482 0.00879238 0.0607531 0.00840476 
81.5 0.0790205 0.00973115 0.0668 0.00869884 0.056789 0.00805866 0.0487408 0.00792156 
82.5 0.0809155 0.00984992 0.0664453 0.00884053 0.0554999 0.00794227 0.0463183 0.00739413 
83.5 0.0423639 0.00979962 0.0385666 0.00904949 0.0315347 0.00768387 0.0236114 0.00637256 
84.5 0.0626938 0.0108857 0.0515918 0.00982185 0.0425595 0.00873742 0.0350924 0.00761274 
85.5 0.0212569 0.0212516 0.0170049 0.0170006 0.0127173 0.0127141 0.00899856 0.0089963 
86.5 0.0308423 0.0138564 0.0271991 0.0140094 0.0240419 0.0143141 0.0213 0.0143396 
87.5 0.0245 0.0244938 0.0230772 0.0230714 0.0213895 0.0213841 0.0195913 0.0195864 
88.5 0 0 0 0 0 0 0 0 
89.5 0 0 0 0 0 0 0 0 
90.5 0.0285676 0.0142453 0.0244229 0.0165574 0.0219637 0.0183472 0.0201943 0.0184212 
91.5 0 0 0 0 0 0 0 0 
92.5 0 0 0 0 0 0 0 0 
93.5 0 0 0 0 0 0 0 0 
94.5 0 0 0 0 0 0 0 0 
95.5 0 0 0 0 0 0 0 0 
96.5 0 0 0 0 0 0 0 0 
97.5 0 0 0 0 0 0 0 0 
98.5 0 0 0 0 0 0 0 0 
99.5 0 0 0 0 0 0 0 0 
