0.5 0.175847 0.00261225 0.14465 0.00184806 0.163902 0.00228719 0.181536 0.00237333 
1.5 0.18058 0.00273598 0.144732 0.00187551 0.169496 0.00225065 0.181162 0.00259159 
2.5 0.183179 0.0026555 0.145198 0.00203194 0.167951 0.00242073 0.183927 0.00244668 
3.5 0.189577 0.00281091 0.151676 0.00214946 0.176754 0.00256093 0.190361 0.00262257 
4.5 0.197174 0.00275605 0.153758 0.00205979 0.178735 0.0024602 0.198374 0.00264517 
5.5 0.203697 0.00298718 0.153519 0.00218536 0.1813 0.00264396 0.194548 0.00265201 
6.5 0.212942 0.00309815 0.153447 0.00223493 0.18556 0.00258605 0.196518 0.00284126 
7.5 0.221973 0.00321275 0.160207 0.00214959 0.190253 0.00267085 0.202479 0.00282238 
8.5 0.230588 0.00311406 0.163347 0.0023254 0.1981 0.00284518 0.212241 0.00306043 
9.5 0.239059 0.00322441 0.166231 0.00227998 0.205291 0.00296312 0.218114 0.00295746 
10.5 0.25283 0.00306795 0.17273 0.00223664 0.2047 0.0029685 0.223696 0.00311214 
11.5 0.255656 0.00316713 0.174752 0.00238953 0.218805 0.00302716 0.229724 0.0030756 
12.5 0.262885 0.00313889 0.178767 0.00236365 0.221683 0.00319774 0.234163 0.00313725 
13.5 0.28293 0.00327829 0.184503 0.00248067 0.232003 0.00321513 0.24553 0.00339953 
14.5 0.287321 0.00326713 0.191569 0.00261198 0.232661 0.00308854 0.255224 0.00343122 
15.5 0.295432 0.00315292 0.196949 0.00267383 0.241576 0.0032613 0.255562 0.00320519 
16.5 0.312294 0.0033258 0.202071 0.00272053 0.248369 0.00331962 0.256444 0.00340231 
17.5 0.318815 0.00334278 0.198015 0.00272273 0.253 0.00336384 0.268575 0.00340829 
18.5 0.333093 0.00323021 0.204172 0.00265723 0.267322 0.00341703 0.277796 0.00357972 
19.5 0.342093 0.00331681 0.209465 0.00267804 0.275776 0.0034981 0.282269 0.00368888 
20.5 0.349113 0.00338486 0.214633 0.00278925 0.283867 0.00362278 0.290633 0.00368454 
21.5 0.354924 0.00325114 0.219046 0.00290352 0.284681 0.00357808 0.292626 0.00369631 
22.5 0.375304 0.00351206 0.229245 0.00304804 0.304059 0.003589 0.311448 0.00379363 
23.5 0.37974 0.00341069 0.230585 0.0030708 0.304969 0.00367746 0.307989 0.00376154 
24.5 0.384377 0.003384 0.238477 0.00313471 0.314703 0.00381797 0.310068 0.00372847 
25.5 0.39185 0.00358264 0.240513 0.00301335 0.32091 0.00388446 0.324281 0.00398466 
26.5 0.399459 0.00345912 0.248823 0.00317263 0.330139 0.00367635 0.336504 0.00410608 
27.5 0.407748 0.00344881 0.254027 0.00326167 0.331554 0.00394946 0.342197 0.00426993 
28.5 0.417854 0.00357461 0.253312 0.00322949 0.343958 0.00383274 0.338606 0.00415648 
29.5 0.431482 0.00368633 0.260479 0.003381 0.362545 0.00406058 0.351329 0.00422415 
30.5 0.431366 0.00354275 0.265898 0.00343279 0.361086 0.00402503 0.357135 0.00430973 
31.5 0.437054 0.00380925 0.271502 0.00344799 0.364482 0.00417611 0.366909 0.00425994 
32.5 0.452194 0.0037173 0.280407 0.00367245 0.377877 0.00423108 0.367123 0.00442148 
33.5 0.452171 0.00374094 0.284914 0.00362163 0.381893 0.00418489 0.375331 0.00439611 
34.5 0.455247 0.00386528 0.287924 0.00362977 0.381181 0.00424119 0.387318 0.00433961 
35.5 0.46934 0.00381042 0.298454 0.0037102 0.397823 0.00424318 0.395506 0.00434558 
36.5 0.479858 0.00379723 0.301008 0.00375503 0.405541 0.00425023 0.400667 0.00453045 
37.5 0.482077 0.00399197 0.31693 0.00403351 0.412764 0.00437673 0.415128 0.00463792 
38.5 0.485704 0.00399033 0.316096 0.00376213 0.420189 0.0043035 0.416945 0.00449031 
39.5 0.497579 0.00408252 0.32259 0.00395099 0.431983 0.00427559 0.420461 0.00456409 
40.5 0.499959 0.00397613 0.326083 0.00406029 0.432294 0.00441239 0.431351 0.00468912 
41.5 0.516527 0.00400516 0.336928 0.00414446 0.449574 0.00449971 0.446577 0.00475876 
42.5 0.51072 0.00398978 0.341925 0.00411691 0.44258 0.00438467 0.432152 0.00475584 
43.5 0.526873 0.00409352 0.346108 0.00416877 0.463403 0.00457744 0.45216 0.00486001 
44.5 0.531213 0.00417073 0.35707 0.00413699 0.469076 0.00466499 0.464685 0.00476678 
45.5 0.528 0.00415935 0.365268 0.00440489 0.470975 0.0046007 0.469195 0.00481112 
46.5 0.538611 0.00410831 0.368419 0.00440195 0.479785 0.00470817 0.47452 0.00488909 
47.5 0.545792 0.00437694 0.368497 0.00431173 0.490611 0.00471379 0.470841 0.00485112 
48.5 0.554458 0.00444618 0.381153 0.00450817 0.494196 0.00475534 0.485492 0.00493731 
49.5 0.567354 0.00431156 0.38374 0.0043582 0.506899 0.00473437 0.496423 0.00480052 
50.5 0.569874 0.00436129 0.394244 0.00452412 0.512675 0.00477359 0.504546 0.00488286 
51.5 0.572704 0.00453231 0.396317 0.00461036 0.520254 0.00474106 0.503218 0.00481658 
52.5 0.574912 0.00435873 0.411028 0.00464062 0.522594 0.00480674 0.5109 0.00505131 
53.5 0.577986 0.00441611 0.411628 0.00462773 0.519823 0.00484308 0.51542 0.00507731 
54.5 0.585273 0.00464388 0.412069 0.00458152 0.541621 0.00479232 0.521475 0.00501827 
55.5 0.593332 0.00455419 0.428131 0.00455438 0.531884 0.00491559 0.528433 0.00504573 
56.5 0.591544 0.00459685 0.435586 0.00474601 0.539396 0.00489777 0.536231 0.00520771 
57.5 0.602257 0.00475419 0.436967 0.00493719 0.550133 0.00505835 0.537141 0.00519921 
58.5 0.609153 0.00478219 0.450196 0.00502834 0.561295 0.00505073 0.554222 0.00529616 
59.5 0.619181 0.00473784 0.442278 0.004864 0.563206 0.00507125 0.554016 0.00521627 
60.5 0.614917 0.00483812 0.457786 0.00506111 0.56367 0.00511978 0.54727 0.00542296 
61.5 0.627354 0.00472674 0.46073 0.00504991 0.583194 0.00503125 0.567351 0.00529453 
62.5 0.626614 0.00501817 0.455108 0.00525654 0.582386 0.00525537 0.55609 0.00557148 
63.5 0.631007 0.0048689 0.46016 0.00529516 0.574424 0.00534602 0.556455 0.0054311 
64.5 0.634162 0.00492604 0.473004 0.00520824 0.589793 0.00517401 0.568494 0.00538789 
65.5 0.642233 0.00498297 0.469546 0.00518575 0.594027 0.00532968 0.574352 0.00542964 
66.5 0.644631 0.00495477 0.478177 0.00530691 0.599194 0.00519678 0.576244 0.00544972 
67.5 0.650692 0.00504429 0.484678 0.0053588 0.603942 0.00539843 0.581602 0.0056158 
68.5 0.646398 0.00511118 0.489803 0.00543916 0.608773 0.00536175 0.58167 0.00561386 
69.5 0.656546 0.00518365 0.484399 0.00534304 0.615799 0.00541424 0.577944 0.00557756 
70.5 0.659178 0.00513869 0.494963 0.00563495 0.619154 0.00548262 0.585131 0.00585364 
71.5 0.655494 0.00528873 0.503971 0.00575787 0.623414 0.00563027 0.594852 0.00583899 
72.5 0.659449 0.00542457 0.492235 0.00567576 0.624365 0.00561647 0.587515 0.00583318 
73.5 0.662628 0.00534101 0.496022 0.00585211 0.616764 0.0056746 0.585842 0.00590594 
74.5 0.663819 0.00546894 0.496346 0.00562966 0.625315 0.00574074 0.590911 0.00587991 
75.5 0.657025 0.00564792 0.493445 0.00596534 0.62168 0.00593335 0.582721 0.00615528 
76.5 0.665504 0.00561104 0.498472 0.00604156 0.631394 0.00590989 0.591497 0.00616931 
77.5 0.657935 0.00571947 0.503091 0.00611954 0.62572 0.00604048 0.585294 0.00632863 
78.5 0.655013 0.0058752 0.499807 0.00624311 0.618618 0.006238 0.57686 0.00657056 
79.5 0.658708 0.00585226 0.502832 0.00623954 0.62355 0.00622316 0.580978 0.00648176 
80.5 0.662588 0.00592967 0.509515 0.00634173 0.635784 0.00616357 0.59084 0.00650923 
81.5 0.664087 0.00599234 0.508765 0.00653666 0.632688 0.00641801 0.585755 0.00673986 
82.5 0.657245 0.00623457 0.499098 0.00654992 0.624059 0.00644532 0.572447 0.00683925 
83.5 0.638539 0.00630538 0.491141 0.00660157 0.613369 0.00657757 0.562535 0.00684874 
84.5 0.641509 0.00648514 0.476253 0.00689703 0.610288 0.00681673 0.547376 0.00722492 
85.5 0.645045 0.0065376 0.484254 0.00689745 0.610591 0.00694951 0.553347 0.00721298 
86.5 0.631289 0.00676087 0.466135 0.00694495 0.59169 0.00711162 0.530093 0.00742176 
87.5 0.628725 0.0068981 0.478948 0.00711981 0.600142 0.00716854 0.543551 0.00745223 
88.5 0.610081 0.00707967 0.459464 0.00736454 0.57715 0.00750149 0.518499 0.0077116 
89.5 0.5964 0.00743601 0.44324 0.00749562 0.557514 0.00776552 0.497312 0.0079317 
90.5 0.587297 0.00762061 0.433759 0.00749841 0.551707 0.00790909 0.487502 0.0080442 
91.5 0.570137 0.00787448 0.411552 0.00773765 0.523462 0.00820346 0.457618 0.00828937 
92.5 0.556239 0.00804922 0.405119 0.00797857 0.516252 0.00842962 0.452488 0.00859217 
93.5 0.530661 0.0082881 0.376326 0.00803362 0.48439 0.00853693 0.418107 0.00856733 
94.5 0.496124 0.00868147 0.345802 0.0081908 0.451954 0.00885744 0.386095 0.00879013 
95.5 0.482698 0.00894246 0.332109 0.00826719 0.436836 0.00908614 0.369077 0.00895563 
96.5 0.442207 0.00935249 0.311471 0.00868117 0.402582 0.00953181 0.343531 0.00932238 
97.5 0.426256 0.00945464 0.29867 0.00887435 0.383206 0.00962042 0.329514 0.00952654 
98.5 0.297598 0.0100859 0.202844 0.0090586 0.262613 0.0101388 0.219886 0.00985946 
99.5 0.219645 0.0103556 0.136142 0.00828651 0.186919 0.0103152 0.152484 0.00952828 
