0.5 -1.29736 0.0111589 -0.000857136 3.85594e-05 -0.797177 0.0231326 -1.02983 0.0076592 -0.0163359 0.000525725 0.844354 0.0120203 -0.900137 0.00878184 -0.0103826 0.000405423 0.947019 0.0107562 -0.764069 0.0114594 -0.00617218 0.000349757 1.07106 0.0132031 
1.5 -1.29078 0.0110408 -0.000883482 3.92494e-05 -0.787315 0.0247502 -1.03282 0.00755718 -0.016171 0.000537195 0.821137 0.0134181 -0.899493 0.00871797 -0.0104187 0.000410808 0.939652 0.0109946 -0.785283 0.0106947 -0.00687475 0.000360759 1.03864 0.0120025 
2.5 -1.25892 0.00994957 -0.000884913 3.37e-05 -0.660581 0.0438332 -1.01469 0.00776402 -0.0150803 0.000521473 0.831232 0.0130257 -0.889408 0.00894018 -0.0097745 0.000398965 0.945579 0.010886 -0.792703 0.0103988 -0.00703858 0.000353536 1.03671 0.0115046 
3.5 -1.28663 0.0117722 -0.00110638 5.22918e-05 -0.802053 0.0276734 -1.00608 0.00775599 -0.0139745 0.000489663 0.833093 0.0134171 -0.855802 0.00942961 -0.00843255 0.00036757 0.977533 0.0113438 -0.751206 0.0119372 -0.00558577 0.000340739 1.07021 0.0139167 
4.5 -1.27762 0.011205 -0.00112672 4.99609e-05 -0.766625 0.0300054 -1.00218 0.00758353 -0.0146442 0.000484897 0.856573 0.0117247 -0.818449 0.0100623 -0.00750657 0.000356048 1.01479 0.0119233 -0.723261 0.0127437 -0.00502506 0.000334914 1.10928 0.0153947 
5.5 -1.2821 0.0107628 -0.00131981 5.61205e-05 -0.75687 0.0265954 -0.994385 0.00773993 -0.0147918 0.000497707 0.865004 0.0114913 -0.85244 0.00950041 -0.00888886 0.000393815 0.976777 0.0112502 -0.733644 0.0123743 -0.00554041 0.0003561 1.0919 0.014628 
6.5 -1.2724 0.0111621 -0.0014848 6.55276e-05 -0.759043 0.0304751 -0.97995 0.00809651 -0.0139671 0.000494503 0.874269 0.0114908 -0.849368 0.00965763 -0.00853853 0.00038879 0.974095 0.0119227 -0.734543 0.0123381 -0.00556901 0.000356725 1.0903 0.0144971 
7.5 -1.27086 0.0109912 -0.00173394 7.45144e-05 -0.74178 0.0346398 -0.98716 0.00794966 -0.0138989 0.000504208 0.845593 0.0129398 -0.854775 0.00941647 -0.00882393 0.000394046 0.964023 0.0114365 -0.712627 0.0132137 -0.00497124 0.000354433 1.10367 0.015841 
8.5 -1.23847 0.0102088 -0.00174086 6.71423e-05 -0.588719 0.0927008 -0.975205 0.00776875 -0.0146991 0.000497141 0.883338 0.0107383 -0.843002 0.00937941 -0.00892403 0.000388344 0.990723 0.0111398 -0.715076 0.0127567 -0.00542865 0.000365636 1.11736 0.015317 
9.5 -1.25888 0.0113033 -0.00201474 8.82773e-05 -0.72704 0.0424045 -0.955614 0.00836028 -0.0128051 0.000499463 0.862015 0.0127175 -0.784825 0.0112922 -0.00681335 0.000388161 1.01924 0.0136255 -0.664036 0.0155737 -0.00397666 0.000357332 1.16536 0.0210924 
10.5 -1.22764 0.0108191 -0.00221166 8.78288e-05 -0.416942 2.17291 -0.952032 0.00811594 -0.0130865 0.000466762 0.900448 0.0108033 -0.790623 0.0107878 -0.00689249 0.000370321 1.01971 0.0126287 -0.668611 0.0147726 -0.00414715 0.000345667 1.17594 0.0199289 
11.5 -1.23311 0.0109071 -0.00241009 9.86417e-05 -0.596152 0.163087 -0.937053 0.00850678 -0.0114723 0.000460607 0.87431 0.0127089 -0.743491 0.0120412 -0.00563288 0.00035279 1.06915 0.0142452 -0.609685 0.0187457 -0.0028478 0.00033548 1.24872 0.0295552 
12.5 -1.20565 0.0096277 -0.00246453 8.26844e-05 0.693849 0.0347567 -0.92613 0.0084178 -0.012422 0.000476901 0.907942 0.0110704 -0.754145 0.0118622 -0.00621041 0.000378432 1.05959 0.0142098 -0.539602 0.026382 -0.00187166 0.000355072 1.37435 0.0552468 
13.5 -1.19851 0.00993212 -0.00290318 0.000103326 0.677674 0.0431138 -0.884379 0.00878769 -0.0117026 0.00046684 0.954205 0.0101984 -0.726887 0.0124632 -0.0056785 0.000376678 1.08216 0.0148701 -0.530581 0.0263971 -0.00194688 0.000373793 1.41422 0.0579745 
14.5 -1.18386 0.00934461 -0.00305889 9.51154e-05 0.762558 0.01956 -0.91763 0.00866193 -0.0119206 0.000485575 0.897895 0.0118087 -0.723341 0.0132691 -0.00537717 0.000387596 1.06961 0.0163274 -0.553536 0.0245811 -0.00215811 0.000371081 1.34576 0.0480871 
15.5 -1.17096 0.00938917 -0.00306204 9.23987e-05 0.794967 0.0166794 -0.892961 0.0088074 -0.0111972 0.000459249 0.931286 0.0108659 -0.707592 0.0136448 -0.00487694 0.000364378 1.10049 0.0174981 -0.510344 0.0301073 -0.00160864 0.000368749 1.45325 0.0722365 
16.5 -1.1535 0.00932429 -0.0037257 0.000114201 0.806694 0.0151911 -0.887196 0.00901944 -0.011293 0.000481441 0.928002 0.0112017 -0.684285 0.0150645 -0.00454579 0.000387425 1.12803 0.0199474 -0.417888 0.0542146 -0.000721594 0.000369214 1.71272 0.202376 
17.5 -1.16199 0.00946216 -0.00377326 0.000117062 0.7982 0.0169298 -0.882934 0.00909183 -0.0106462 0.000466497 0.919802 0.0117685 -0.701227 0.0138649 -0.00495642 0.00038056 1.10345 0.0173892 -0.41124 0.056686 -0.000686558 0.000373752 1.72201 0.216102 
18.5 -1.14609 0.00930849 -0.00426536 0.000121363 0.838494 0.0131983 -0.871325 0.00953236 -0.00959058 0.000446873 0.9203 0.0125578 -0.632398 0.0177545 -0.00332918 0.000359569 1.20601 0.026977 0.412401 0.0521721 0.000707472 0.000363533 -1.64448 0.235821 
19.5 -1.13504 0.00935709 -0.00448895 0.000129477 0.847742 0.0131075 -0.848307 0.00989309 -0.00968113 0.00047104 0.944928 0.0120245 -0.596404 0.0205464 -0.00289274 0.000386343 1.24851 0.0341845 0.36118 0.0771849 0.000457448 0.000395075 -1.91931 0.438405 
20.5 -1.13874 0.00936075 -0.00502663 0.000145894 0.842408 0.0131643 -0.830888 0.0101629 -0.00917511 0.000457402 0.970979 0.011728 -0.537182 0.0269452 -0.00192813 0.000377729 1.34843 0.0550547 0.530676 0.0225928 0.00222761 0.000398499 -1.2155 0.0810464 
21.5 -1.12158 0.00917328 -0.00493428 0.000133751 0.86925 0.0107904 -0.836535 0.00994981 -0.0098008 0.000476364 0.966735 0.011665 -0.58448 0.0218975 -0.00276542 0.000403257 1.26016 0.0373151 0.399308 0.0568931 0.000717862 0.000415155 -1.73417 0.273824 
22.5 -1.11389 0.00915838 -0.00597199 0.000158099 0.880659 0.0100539 -0.795457 0.0113237 -0.00782416 0.00044768 0.999364 0.013263 -0.41531 0.0554334 -0.000720626 0.000380002 1.66959 0.201725 0.530997 0.0225065 0.00221037 0.000394156 -1.22171 0.0798448 
23.5 -1.09069 0.00925071 -0.0054656 0.000140445 0.909101 0.00927248 -0.778433 0.0118312 -0.00712873 0.000438647 0.999706 0.0143893 -0.510087 0.0305848 -0.00163463 0.000383188 1.41548 0.0714226 0.498108 0.0280406 0.00169562 0.000395752 -1.32301 0.102334 
24.5 -1.08663 0.00934511 -0.00605003 0.000159433 0.911187 0.00951931 -0.759655 0.0123752 -0.00633394 0.000409807 1.03207 0.0149266 -0.342778 0.0983812 -0.000323593 0.000367102 2.02329 0.557077 0.565928 0.0187933 0.00283486 0.000399813 -1.07 0.0737771 
25.5 -1.0978 0.00922788 -0.00677213 0.000182361 0.893779 0.00992696 -0.754748 0.0125611 -0.00684389 0.000457385 1.02128 0.0147278 0.219291 0.360635 6.11915e-05 0.000411625 -3.12281 5.13 0.588697 0.0159536 0.00375119 0.000441063 -1.0167 0.0667537 
26.5 -1.08741 0.00927906 -0.00691284 0.000179186 0.911282 0.00933998 -0.711089 0.0138214 -0.0054186 0.000407399 1.10131 0.0173375 0.46424 0.0358365 0.00123114 0.000389526 -1.42637 0.13794 0.626993 0.0125011 0.0048093 0.000430938 -0.84927 0.0838608 
27.5 -1.08141 0.00925979 -0.00761217 0.000191277 0.920653 0.00882986 -0.69848 0.0142118 -0.00547915 0.000432168 1.11002 0.0176904 0.424253 0.0464346 0.000903794 0.000403396 -1.61686 0.201622 0.607972 0.014039 0.00422389 0.000431182 -0.952124 0.0669971 
28.5 -1.08412 0.00925385 -0.00777548 0.000197596 0.91648 0.00891875 -0.731561 0.0125127 -0.00680973 0.0004532 1.07324 0.0144003 0.50846 0.0271506 0.00190589 0.000420901 -1.24614 0.0985839 0.633071 0.0121795 0.00521578 0.000451435 -0.7798 0.111983 
29.5 -1.07847 0.00930063 -0.00851946 0.000219216 0.920588 0.00923037 -0.677954 0.0156161 -0.00492486 0.000441184 1.12897 0.0201552 0.524571 0.0241197 0.00224397 0.000430897 -1.22409 0.0859515 0.629164 0.0125095 0.00507182 0.000454179 -0.860875 0.0789511 
30.5 -1.06232 0.00928948 -0.0085352 0.000207499 0.941605 0.00833423 -0.70324 0.0141038 -0.00587661 0.000454014 1.11449 0.0172692 0.52034 0.0244515 0.0022558 0.00044336 -1.25681 0.0862852 0.63993 0.0115582 0.00580659 0.000480247 -0.812213 0.0889164 
31.5 -1.07623 0.00924738 -0.00895462 0.000221077 0.927096 0.0087483 -0.619946 0.0186311 -0.00373332 0.00043355 1.21636 0.0282696 0.564129 0.0184072 0.0031162 0.00043557 -1.11928 0.0669901 0.667363 0.009887 0.00688542 0.000480923 0.646766 0.172161 
32.5 -1.05859 0.00919847 -0.00936606 0.000215733 0.948573 0.00788618 -0.617442 0.0193131 -0.00353627 0.000428941 1.21541 0.0296119 0.590194 0.0160127 0.00370044 0.000436926 -1.03647 0.0628444 0.659637 0.0100888 0.00654042 0.000472115 -0.62651 0.236435 
33.5 -1.05818 0.00931889 -0.00988936 0.000236369 0.947917 0.00819743 -0.646118 0.0169326 -0.00456457 0.000463356 1.17227 0.0234575 0.533401 0.0227749 0.00255435 0.000456633 -1.1834 0.0818049 0.667136 0.00992775 0.00732785 0.000512293 0.682984 0.127571 
34.5 -1.06473 0.00923654 -0.0101048 0.000238125 0.942146 0.00816806 -0.57888 0.0218122 -0.00300574 0.00043769 1.29157 0.038473 0.621224 0.0129945 0.00502347 0.000473556 -0.942591 0.0616416 0.689521 0.00847181 0.008397 0.000508176 0.779439 0.0484126 
35.5 -1.05151 0.00923039 -0.0114116 0.000262782 0.955004 0.00769094 -0.543945 0.0264283 -0.00243692 0.000460989 1.35192 0.0533756 0.619925 0.0133301 0.00513363 0.000491848 -0.905684 0.0708847 0.692299 0.00845401 0.00892343 0.000533566 0.814543 0.0357285 
36.5 -1.04641 0.0092786 -0.011654 0.000271922 0.958817 0.00784081 -0.483926 0.0359509 -0.00162161 0.000471231 1.51166 0.0974973 0.63449 0.0122734 0.00584238 0.000512731 -0.867448 0.0730032 0.700713 0.00810598 0.00943691 0.000542537 0.826975 0.0300958 
37.5 -1.0429 0.00928292 -0.0119401 0.000266279 0.966522 0.00757731 -0.497862 0.0322288 -0.00189197 0.000476266 1.49391 0.0828165 0.643788 0.0112137 0.00645352 0.00051985 -0.817909 0.0824954 0.694092 0.00823685 0.00981591 0.00058439 0.746677 0.0615567 
38.5 -1.04044 0.00931067 -0.0126336 0.000282901 0.968749 0.00767052 -0.201855 0.483518 -5.24382e-05 0.000482118 3.51278 8.70985 0.657402 0.0104984 0.00717075 0.000537025 -0.721125 0.126747 0.714186 0.00729018 0.0110113 0.000579574 0.852608 0.0212862 
39.5 -1.05402 0.00923468 -0.0129955 0.000293364 0.955376 0.00767885 -0.431768 0.0496258 -0.00109367 0.000495227 1.6638 0.172405 0.65939 0.0103806 0.00740416 0.000544774 -0.572536 0.366662 0.704234 0.00778075 0.0100566 0.000559652 0.836249 0.0267315 
40.5 -1.02994 0.00937916 -0.0136982 0.000296585 0.981843 0.00749304 -0.379072 0.0697548 -0.000723796 0.000526492 1.91551 0.331079 0.661247 0.0101735 0.00809359 0.000586022 -0.592006 0.306041 0.71496 0.00721758 0.0119749 0.000624778 0.857183 0.0202484 
41.5 -1.0321 0.0094172 -0.0147068 0.000329374 0.978057 0.00765588 -0.348254 0.0905897 -0.000485939 0.000500638 2.0949 0.522212 0.671066 0.00951663 0.0084491 0.000577797 -0.584181 0.29989 0.693839 0.00819812 0.0100369 0.000597334 0.731666 0.0689217 
42.5 -1.0338 0.00930439 -0.0147658 0.000315358 0.97812 0.0074168 -0.279911 0.168617 -0.000222009 0.000531197 2.58964 1.53414 0.642366 0.011394 0.00706792 0.00058108 -0.867154 0.0679887 0.69899 0.00804511 0.0107324 0.000624041 0.77004 0.0490445 
43.5 -1.02157 0.00939529 -0.0158962 0.000340864 0.989446 0.00741978 0.49726 0.0284211 0.00217152 0.000516302 -1.36664 0.102193 0.684308 0.00873965 0.00946261 0.000593894 0.707738 0.0887363 0.713533 0.00728696 0.0118242 0.000626324 0.83835 0.0246253 
44.5 -1.0252 0.00939421 -0.0167306 0.000351434 0.988448 0.0073928 0.552368 0.0197922 0.00353306 0.00054404 -1.21942 0.0672525 0.698599 0.00802721 0.0105853 0.000615544 0.764474 0.0501355 0.732145 0.00651366 0.0136597 0.0006513 0.884541 0.0135237 
45.5 -1.02063 0.00938735 -0.0166126 0.00035212 0.990929 0.00736242 0.536613 0.0216479 0.00321643 0.000552947 -1.26854 0.0742062 0.687522 0.00851565 0.0102156 0.00063571 0.527789 0.410319 0.725152 0.0067556 0.0132684 0.00066179 0.852886 0.0194724 
46.5 -1.01109 0.00945073 -0.0172122 0.000368567 0.998967 0.00738715 0.572086 0.0177221 0.00426903 0.000574192 -1.15025 0.0614492 0.689769 0.00857874 0.0103596 0.000641719 0.667773 0.119933 0.734023 0.00646042 0.0143099 0.00068375 0.872038 0.0152043 
47.5 -1.02079 0.00940954 -0.0188211 0.000384881 0.994301 0.0073345 0.538736 0.0212428 0.00323342 0.000544769 -1.26635 0.0723847 0.689429 0.00838179 0.0103267 0.000632497 0.625396 0.167651 0.734752 0.00641207 0.0137948 0.000654584 0.875514 0.0145667 
48.5 -1.00591 0.00952666 -0.0183988 0.000394561 1.00481 0.00743343 0.600672 0.0148867 0.0054584 0.000598485 -1.03696 0.0580551 0.696644 0.00813344 0.0113753 0.000673391 0.71756 0.075124 0.717736 0.0071063 0.0131967 0.000692267 0.816233 0.0286462 
49.5 -0.995159 0.00958858 -0.0203732 0.000425979 1.0166 0.0074061 0.603818 0.0143395 0.00583075 0.000620985 -1.06031 0.0532945 0.706524 0.00763753 0.0124953 0.000700237 0.763887 0.0477721 0.728566 0.00664877 0.0143408 0.000710493 0.843232 0.0207368 
50.5 -0.994264 0.00960192 -0.0202992 0.000416822 1.01897 0.0073896 0.621048 0.0129204 0.00693021 0.000657775 -0.998408 0.0532207 0.716229 0.00718964 0.01379 0.000730121 0.812375 0.0296912 0.738929 0.00619226 0.0161554 0.000751487 0.872504 0.0144687 
51.5 -0.997157 0.00958171 -0.0211957 0.000428935 1.01731 0.00738142 0.598223 0.0147659 0.00590979 0.000653718 -1.09416 0.0528345 0.706724 0.00757851 0.0131087 0.0007296 0.772908 0.0444045 0.729958 0.00660638 0.0152701 0.000753368 0.842498 0.020797 
52.5 -0.996171 0.00960982 -0.0215402 0.000438304 1.0184 0.00739969 0.62967 0.0122458 0.00740253 0.000667681 -0.992985 0.0503488 0.713878 0.00722932 0.0137056 0.000734331 0.79098 0.0360127 0.734453 0.00641119 0.0153877 0.000735436 0.864453 0.0162706 
53.5 -0.993393 0.0096291 -0.021815 0.000447718 1.02039 0.00740583 0.654541 0.0106679 0.00908557 0.000701741 -0.854444 0.0661954 0.704844 0.00773732 0.0129648 0.000735112 0.751613 0.0541248 0.737905 0.00631427 0.0162219 0.000769181 0.859778 0.0167078 
54.5 -0.998986 0.0095805 -0.0237246 0.000463395 1.01832 0.00733624 0.648649 0.0108835 0.00935858 0.000747506 -0.921833 0.0534325 0.717705 0.00711461 0.0150974 0.000799797 0.788506 0.0361852 0.741632 0.00607742 0.0168829 0.000774636 0.875221 0.0138324 
55.5 -0.975373 0.0097997 -0.0241509 0.000507506 1.0369 0.007587 0.667659 0.00977628 0.0105849 0.000758266 -0.838529 0.0641729 0.72612 0.00672133 0.0154418 0.00077283 0.838498 0.0218571 0.749963 0.00578736 0.0178932 0.000787238 0.888958 0.0112807 
56.5 -0.985206 0.00970032 -0.0247147 0.000497495 1.0298 0.00744992 0.673485 0.00935466 0.0113195 0.000777714 -0.795854 0.0743626 0.732753 0.00640461 0.0164597 0.000794233 0.84925 0.0187498 0.738231 0.0062881 0.0164273 0.000778417 0.856861 0.0171581 
57.5 -0.980129 0.00973788 -0.025852 0.00051966 1.03471 0.00748793 0.692295 0.00838348 0.0126951 0.000781354 -0.387536 2.2071 0.724983 0.00678793 0.0156396 0.000792705 0.824027 0.02527 0.732922 0.00651061 0.0154948 0.000755507 0.845726 0.0199079 
58.5 -0.979988 0.00973638 -0.0268066 0.00053958 1.03469 0.00748237 0.684613 0.00869235 0.0129165 0.00082616 -0.672628 0.14034 0.72381 0.00686522 0.0161977 0.000831464 0.809795 0.0289837 0.717903 0.00705563 0.0145212 0.000764009 0.795199 0.0342062 
59.5 -0.967574 0.00990748 -0.0271525 0.000554837 1.04768 0.00766848 0.669537 0.00965899 0.0116207 0.000827866 -0.858195 0.0582512 0.71839 0.00710891 0.0153431 0.000811574 0.790318 0.0355275 0.73873 0.00627931 0.0164251 0.000772197 0.86771 0.0154592 
60.5 -0.96697 0.00991428 -0.0277188 0.000572424 1.04762 0.00767178 0.655846 0.0103631 0.010807 0.000832478 -0.93738 0.0481861 0.710242 0.0073896 0.0148822 0.000823582 0.714328 0.069519 0.72564 0.00675143 0.015037 0.000758839 0.826221 0.0248022 
61.5 -0.955729 0.0100418 -0.0282525 0.000600017 1.05779 0.00784326 0.657521 0.0102682 0.0112476 0.000855948 -0.920724 0.0503453 0.710757 0.00742437 0.0154828 0.000858035 0.719485 0.0673176 0.708381 0.00748651 0.0139016 0.000773259 0.735768 0.0601626 
62.5 -0.957778 0.010018 -0.0295846 0.000620419 1.05643 0.00780708 0.678083 0.00913316 0.0130078 0.000879094 -0.811365 0.0673992 0.699216 0.00797221 0.0139657 0.000827027 0.514846 0.433616 0.710306 0.00748716 0.0136686 0.000758879 0.738042 0.0586848 
63.5 -0.95991 0.0100317 -0.0294098 0.000610136 1.05589 0.00779947 0.659607 0.0100098 0.0112852 0.000840662 -0.911089 0.0503722 0.694217 0.00818558 0.0133787 0.000816572 -0.6431 0.159595 0.688854 0.00851078 0.0117342 0.000737502 -0.661676 0.147336 
64.5 -0.963349 0.0100219 -0.0311475 0.000631586 1.05447 0.00774962 0.696347 0.00814241 0.0155333 0.000939418 -0.566322 0.293786 0.709002 0.00747769 0.0154121 0.000858919 0.718349 0.0684476 0.71787 0.00707706 0.0150617 0.00079792 0.777844 0.0398573 
65.5 -0.948813 0.0101581 -0.0309633 0.000665614 1.0655 0.00797557 0.681805 0.00893445 0.013775 0.000907893 -0.763093 0.083748 0.685947 0.00857226 0.0128993 0.000818028 -0.686334 0.125698 0.685549 0.00862331 0.011644 0.000742186 -0.697104 0.11868 
66.5 -0.954241 0.0101605 -0.0316779 0.000667138 1.06274 0.00792012 0.677858 0.00924916 0.0136796 0.000939783 -0.850567 0.0571167 0.695654 0.00812511 0.013556 0.000815185 0.453063 0.843752 0.690742 0.00832802 0.0117902 0.000725081 -0.52709 0.430403 
67.5 -0.951395 0.0102265 -0.0333107 0.000698481 1.06703 0.00798018 0.671291 0.00953077 0.0134728 0.000956987 -0.887716 0.0514496 0.689764 0.00835424 0.0136018 0.000846831 -0.690135 0.118651 0.672884 0.00936777 0.0106034 0.000736189 -0.843899 0.0598383 
68.5 -0.956291 0.0101868 -0.0332145 0.000689585 1.0628 0.00790189 0.673657 0.00936436 0.0128695 0.00089281 -0.844155 0.0598652 0.674315 0.00922111 0.0115216 0.000785293 -0.80765 0.0690675 0.661342 0.0100149 0.00941965 0.000695959 -0.882341 0.0557849 
69.5 -0.954896 0.0102174 -0.0351784 0.000722191 1.06542 0.00793424 0.672802 0.00936366 0.0139383 0.000973434 -0.870258 0.0538391 0.685954 0.00853472 0.0135632 0.000862744 -0.73667 0.0914751 0.673419 0.00925922 0.0107454 0.000734626 -0.805629 0.0705848 
70.5 -0.953902 0.0102307 -0.0355941 0.000734898 1.06619 0.00794993 0.679487 0.00901991 0.014718 0.000991916 -0.840928 0.0579988 0.65254 0.0104179 0.0101756 0.000788827 -0.937197 0.0483765 0.631506 0.0120064 0.00762379 0.000681352 -1.01914 0.0469298 
71.5 -0.965845 0.0101603 -0.0366405 0.000721877 1.05799 0.00777088 0.665465 0.00981164 0.0132172 0.000966497 -0.908894 0.0495327 0.654917 0.0102856 0.0104539 0.000798747 -0.923163 0.0498542 0.640986 0.0113012 0.00829265 0.000696059 -0.982821 0.04743 
72.5 -0.976267 0.0100705 -0.0384042 0.000715087 1.05089 0.00762145 0.660168 0.0100635 0.0127753 0.000961505 -0.936867 0.0466693 0.662148 0.00987389 0.011169 0.000821424 -0.904855 0.0503636 0.632135 0.0119717 0.007684 0.0006851 -1.0202 0.0466147 
73.5 -0.993679 0.00994497 -0.0393893 0.000690162 1.03777 0.00740495 0.653934 0.0104702 0.0124369 0.000976415 -0.972295 0.0444817 0.645707 0.0108872 0.00974532 0.000793276 -0.981283 0.0453832 0.622611 0.0125928 0.00725578 0.000688761 -1.07429 0.0450622 
74.5 -1.00606 0.00988399 -0.0412935 0.000681533 1.02988 0.00728307 0.64016 0.0112634 0.011254 0.000952499 -1.01504 0.0438954 0.630537 0.011849 0.00889998 0.000790288 -1.02626 0.0455157 0.596579 0.0147941 0.0058743 0.000660142 -1.14058 0.0504709 
75.5 -1.02474 0.0097845 -0.0417921 0.000658857 1.01577 0.00712471 0.602333 0.0139555 0.0083312 0.000891407 -1.14593 0.0468807 0.571706 0.0168242 0.00537874 0.000706414 -1.22921 0.0552847 0.540943 0.0205797 0.00359687 0.000594375 -1.32125 0.0691482 
76.5 -1.04299 0.00969928 -0.0440087 0.000647103 1.00327 0.00701497 0.59518 0.0148104 0.00801548 0.000915557 -1.18491 0.0485189 0.534234 0.0214126 0.00409787 0.000714021 -1.36468 0.0721725 0.521108 0.0236792 0.00314927 0.000614707 -1.40313 0.0818211 
77.5 -1.07571 0.00963733 -0.0439287 0.000612411 0.980291 0.00694005 0.572832 0.0168189 0.00653714 0.000861624 -1.24663 0.0549069 0.536559 0.0212426 0.00401045 0.000689769 -1.3518 0.0713271 0.455479 0.0366477 0.00165897 0.000554881 -1.62992 0.149687 
78.5 -1.10056 0.00960472 -0.0470153 0.000629597 0.963076 0.00695672 0.536123 0.0211449 0.00514334 0.000886159 -1.37247 0.0711414 0.494839 0.0272129 0.00303505 0.000709584 -1.49719 0.0993214 0.459709 0.0354117 0.0018914 0.000607925 -1.62811 0.143434 
79.5 -1.12314 0.00964847 -0.0468413 0.000617229 0.948304 0.00704474 0.484735 0.0292585 0.00320802 0.000819751 -1.54289 0.110187 0.483023 0.0295554 0.00252956 0.000651732 -1.51979 0.110935 0.392918 0.0581311 0.000915411 0.000553072 -1.91292 0.303214 
80.5 -1.16364 0.00967766 -0.0481388 0.00063752 0.918732 0.00738203 0.529332 0.0219466 0.00467943 0.000843468 -1.3909 0.0746955 0.442835 0.0391248 0.00176285 0.000646291 -1.69125 0.167415 0.310294 0.120179 0.000360869 0.000563702 -2.48017 0.984112 
81.5 -1.19702 0.00980502 -0.0490324 0.000664075 0.894962 0.00784266 0.441975 0.0397111 0.00214189 0.000800179 -1.72179 0.172111 0.491349 0.0283096 0.0026327 0.000640665 -1.49205 0.103945 0.462968 0.0347017 0.0017802 0.000556305 -1.59957 0.13849 
82.5 -1.23831 0.00998367 -0.0482876 0.000700892 0.861657 0.00879294 0.394397 0.0566826 0.00130143 0.000765883 -1.93657 0.297252 0.367811 0.07 0.000781596 0.000604539 -2.04279 0.409431 -0.278105 0.16896 -0.000225519 0.0005451 2.76335 1.65389 
83.5 -1.30395 0.0103127 -0.0460903 0.000791778 0.793152 0.0121283 -0.471042 0.0353325 -0.00239848 0.000689359 1.67568 0.11298 -0.408445 0.0540558 -0.00113257 0.000586148 1.89415 0.23468 -0.467031 0.0376753 -0.00165006 0.000513188 1.67867 0.12192 
84.5 -1.36261 0.0107711 -0.0441067 0.000851609 0.711078 0.0200589 -0.443718 0.0420925 -0.00189679 0.000694638 1.78222 0.15542 -0.349142 0.0846838 -0.00059417 0.00056944 2.19389 0.512648 -0.105807 9.82745 -4.4449e-06 0.0005179 7.18749 902.547 
85.5 -1.42823 0.0114281 -0.0420012 0.00091399 0.458448 0.179855 -0.509781 0.0284373 -0.00306624 0.000646593 1.55852 0.0757515 -0.163926 0.838597 -2.84071e-05 0.000563818 4.62593 24.6196 -0.291077 0.148538 -0.00024868 0.000504359 2.62909 1.31771 
86.5 -1.51552 0.0125196 -0.0390817 0.000970809 -0.713246 0.0195767 -0.514132 0.0275922 -0.00324195 0.000655319 1.55029 0.0723846 -0.418822 0.0499579 -0.00118963 0.00055396 1.83971 0.20392 0.277638 0.169513 0.000211723 0.000519647 -2.72977 1.69405 
87.5 -1.59161 0.0136372 -0.0355799 0.000996911 -0.794207 0.0118829 -0.595829 0.018848 -0.00539104 0.000615135 1.37493 0.0354215 -0.298007 0.134428 -0.000309848 0.000555214 2.55989 1.13178 0.24519 0.243526 0.00012811 0.000510248 -3.10102 3.11261 
88.5 -1.71538 0.0156157 -0.0279037 0.000967434 -0.877695 0.00798037 -0.54297 0.0243468 -0.00335044 0.000563626 1.46386 0.0556271 -0.352174 0.0829828 -0.00054772 0.000509972 2.15676 0.488638 0.296587 0.139008 0.000256478 0.000483911 -2.5292 1.21157 
89.5 -1.84421 0.0183644 -0.0241883 0.000973149 -0.927144 0.00696047 -0.633437 0.0161467 -0.00656025 0.000594093 1.30064 0.0261126 -0.414478 0.0519106 -0.00111758 0.000547137 1.85719 0.216792 0.435006 0.0422469 0.00129758 0.000518909 -1.682 0.183496 
90.5 -2.01032 0.0224677 -0.0176978 0.000872481 -0.979832 0.00653826 -0.600144 0.0187996 -0.00510492 0.000579733 1.36127 0.0345599 0.351627 0.0815099 0.000578032 0.000542719 -2.12161 0.514079 0.461838 0.0347763 0.00165635 0.000518814 -1.58491 0.138583 
91.5 -2.25205 0.0297282 -0.0118607 0.000759894 -1.04011 0.00682761 -0.630761 0.016404 -0.00584156 0.000547592 1.29219 0.0265263 -0.35625 0.0801482 -0.000602018 0.000534718 2.14505 0.46357 0.454099 0.03698 0.00152162 0.000513223 -1.60517 0.150603 
92.5 -2.56645 0.0424209 -0.00803541 0.000664896 -1.09721 0.00804859 -0.606925 0.0181338 -0.00505145 0.000550475 1.33309 0.0320264 0.295627 0.138071 0.000278255 0.000523193 -2.51667 1.20102 0.514203 0.0248563 0.00258453 0.000530869 -1.39231 0.0868738 
93.5 -2.95125 0.0640449 -0.00506097 0.000541437 -1.15275 0.0102169 -0.578059 0.0206637 -0.00425389 0.00056279 1.38643 0.0406284 0.434284 0.0420777 0.00138408 0.000552689 -1.69232 0.183259 0.580946 0.0162365 0.00438891 0.000542412 -1.14961 0.0561311 
94.5 -3.87883 0.145568 -0.00171139 0.000314939 -1.26782 0.0178061 -0.604795 0.0181867 -0.00482182 0.000531407 1.32947 0.032042 0.390047 0.0585961 0.000861588 0.000527533 -1.89052 0.304769 0.59345 0.0150995 0.00470753 0.000533658 -1.09819 0.0544565 
95.5 -5.91103 0.518362 -0.00033026 0.00014609 -1.46964 0.047551 -0.656129 0.0154417 -0.00609228 0.000521149 1.24063 0.0226256 -0.380604 0.0671236 -0.000725993 0.000504406 1.9841 0.331624 0.426394 0.0449126 0.00112001 0.000484371 -1.71052 0.200622 
96.5 -9.18579 0.774964 -2.69332e-05 2.64712e-05 -1.68777 0.00962269 -0.602672 0.0186864 -0.00471858 0.00053666 1.33863 0.0333825 0.474001 0.031808 0.00189988 0.000530921 -1.50586 0.120936 0.581525 0.0161729 0.00432254 0.000531605 -1.14548 0.0559764 
97.5 -nan nan 0 0 -nan nan -0.647741 0.0155608 -0.0062305 0.000531479 1.27525 0.0240143 0.434253 0.0421218 0.00133232 0.000532134 -1.68209 0.182871 0.607375 0.0139202 0.00507555 0.000523637 -1.04214 0.0535667 
98.5 -nan nan 0 0 -nan nan -0.594103 0.0190125 -0.00472261 0.000556611 1.34818 0.0347037 0.242827 0.249688 0.000130483 0.00053801 -3.0833 3.20381 0.536483 0.021371 0.00305857 0.000522164 -1.29167 0.0728824 
99.5 -nan nan 0 0 -nan nan -0.602892 0.0186456 -0.00470714 0.000533791 1.3383 0.0333264 0.39673 0.0562762 0.000911279 0.000527326 -1.85489 0.283783 0.554636 0.018625 0.00356011 0.000520226 -1.23356 0.0630326 
