0.5 0.131887 0.00136278 0.347153 0.00267052 0.354624 0.00240866 0.36684 0.00224166 
1.5 0.133567 0.00136982 0.34527 0.00266424 0.355186 0.00241111 0.366681 0.00227342 
2.5 0.137002 0.001355 0.345358 0.00261596 0.353527 0.00237883 0.365394 0.00227737 
3.5 0.14175 0.00144689 0.341744 0.00256617 0.354092 0.00231622 0.363925 0.00220521 
4.5 0.143401 0.0014488 0.347114 0.00259629 0.35964 0.00228438 0.368121 0.00219239 
5.5 0.148664 0.00150965 0.350712 0.00260287 0.360203 0.00234976 0.371878 0.00222869 
6.5 0.154274 0.00154942 0.35081 0.00256677 0.35789 0.00232888 0.371901 0.00223006 
7.5 0.160569 0.0016098 0.347822 0.00256302 0.358562 0.0023435 0.372609 0.00220537 
8.5 0.164932 0.0015938 0.357048 0.00260033 0.364596 0.00236044 0.379595 0.0022499 
9.5 0.168295 0.00166443 0.352017 0.00251578 0.366073 0.00226892 0.378171 0.00218108 
10.5 0.176648 0.00168621 0.355266 0.00253037 0.364439 0.00226806 0.379546 0.00219396 
11.5 0.179683 0.00172583 0.349259 0.00245287 0.368474 0.00222184 0.378898 0.00213318 
12.5 0.184805 0.00172079 0.360476 0.00250626 0.372242 0.00225989 0.385463 0.00211863 
13.5 0.193676 0.00178898 0.371905 0.00249166 0.377652 0.00225404 0.395898 0.00217042 
14.5 0.19865 0.001805 0.360087 0.00248427 0.374365 0.0022297 0.389379 0.00214911 
15.5 0.200891 0.00179923 0.364288 0.00245881 0.373469 0.00220411 0.39242 0.00213995 
16.5 0.214183 0.00188139 0.367437 0.00246771 0.379459 0.00221114 0.392205 0.00210105 
17.5 0.213293 0.00189132 0.363806 0.0024344 0.378384 0.00222517 0.393617 0.00210667 
18.5 0.222983 0.00194268 0.359154 0.00237973 0.379834 0.00215881 0.395464 0.00205651 
19.5 0.228048 0.00196276 0.369767 0.00240412 0.388855 0.00217801 0.404913 0.00211852 
20.5 0.233827 0.00202071 0.372487 0.00238867 0.390088 0.00214256 0.409383 0.00207292 
21.5 0.236307 0.00200404 0.376124 0.00242266 0.392348 0.00218797 0.409923 0.00213554 
22.5 0.249566 0.00209882 0.373889 0.00233493 0.394507 0.00211262 0.408342 0.00206743 
23.5 0.249291 0.00204454 0.373277 0.00230332 0.394195 0.00214949 0.407388 0.00208261 
24.5 0.25666 0.00209581 0.371366 0.00226271 0.39128 0.00207905 0.407729 0.00203829 
25.5 0.261312 0.00215959 0.381087 0.0023145 0.403321 0.00212592 0.420388 0.00208094 
26.5 0.265168 0.0021671 0.381547 0.00225628 0.403491 0.00207923 0.420008 0.00203797 
27.5 0.273142 0.00221796 0.389515 0.00228714 0.408688 0.00212148 0.419319 0.00205608 
28.5 0.273907 0.00223065 0.392674 0.00235033 0.41093 0.00209481 0.4245 0.00205234 
29.5 0.281704 0.00228034 0.39075 0.00226945 0.414906 0.00210498 0.424157 0.00205548 
30.5 0.286119 0.00227673 0.393712 0.0023179 0.41883 0.00212766 0.431368 0.00207674 
31.5 0.285829 0.0023082 0.398722 0.00225418 0.41882 0.00209525 0.431639 0.00203941 
32.5 0.293874 0.00232926 0.394948 0.00223054 0.417896 0.00206717 0.431118 0.00204838 
33.5 0.298011 0.00236104 0.402289 0.00230053 0.42147 0.00213223 0.438561 0.00207246 
34.5 0.297779 0.00237553 0.404482 0.00225118 0.428551 0.00208631 0.439019 0.00203814 
35.5 0.310831 0.00244542 0.408465 0.00224791 0.431784 0.00210358 0.443956 0.00205617 
36.5 0.313991 0.00245716 0.414675 0.00224751 0.435735 0.00210485 0.444802 0.00204483 
37.5 0.316965 0.00247138 0.418909 0.00227754 0.440257 0.00211433 0.453488 0.00209705 
38.5 0.322229 0.00250603 0.421573 0.00222655 0.44265 0.00210648 0.453574 0.00205877 
39.5 0.32033 0.0025268 0.421183 0.00226094 0.444864 0.00211406 0.449672 0.00206055 
40.5 0.332167 0.00255543 0.432696 0.00230685 0.453598 0.00215273 0.462685 0.00209852 
41.5 0.337411 0.00260156 0.426333 0.0022663 0.451791 0.00212869 0.456184 0.00210999 
42.5 0.337192 0.00260444 0.436087 0.00230834 0.451378 0.00216971 0.460472 0.00212015 
43.5 0.34758 0.00265119 0.434118 0.00221975 0.455776 0.00212515 0.462146 0.00209902 
44.5 0.350809 0.00268575 0.441377 0.00221812 0.459143 0.00211478 0.466942 0.00208015 
45.5 0.351754 0.00268047 0.443795 0.00224275 0.462413 0.00215036 0.468032 0.00210078 
46.5 0.358236 0.00270353 0.446808 0.00222799 0.462522 0.00214679 0.471193 0.00209473 
47.5 0.362847 0.00276544 0.442628 0.00223525 0.462382 0.00214676 0.466432 0.00207187 
48.5 0.366131 0.00274872 0.452511 0.00222709 0.468792 0.00216297 0.472228 0.00213587 
49.5 0.37964 0.00281963 0.457641 0.00224877 0.473216 0.0021638 0.474979 0.00212422 
50.5 0.379637 0.00281709 0.464581 0.00226193 0.478452 0.00216729 0.482478 0.00213301 
51.5 0.382647 0.00284762 0.463479 0.00228383 0.478784 0.00218885 0.481573 0.00215047 
52.5 0.384573 0.00285914 0.465835 0.00225676 0.479293 0.00217616 0.479545 0.00213083 
53.5 0.386872 0.0028683 0.471684 0.0022491 0.478739 0.0021925 0.483643 0.00214067 
54.5 0.392862 0.00292898 0.479505 0.0022955 0.488404 0.0022091 0.486041 0.00214204 
55.5 0.404168 0.00294387 0.480416 0.00226936 0.485475 0.00217684 0.487677 0.00212784 
56.5 0.40245 0.00295972 0.484316 0.00227772 0.488819 0.00217615 0.484953 0.00214567 
57.5 0.40911 0.00299374 0.484861 0.00224562 0.487786 0.00218983 0.48138 0.00214263 
58.5 0.412895 0.00302102 0.492426 0.00229545 0.492878 0.00221541 0.483542 0.00218667 
59.5 0.419535 0.00303276 0.490381 0.00231318 0.489911 0.00221438 0.484609 0.00214292 
60.5 0.421969 0.00304858 0.491614 0.00234201 0.491768 0.0022407 0.48258 0.00216496 
61.5 0.428973 0.00306596 0.495285 0.00235675 0.496296 0.00226021 0.484729 0.00221256 
62.5 0.433014 0.00310089 0.498045 0.0023339 0.491648 0.00226323 0.481377 0.00219322 
63.5 0.431412 0.00309572 0.494131 0.00234781 0.489901 0.00226518 0.477789 0.00221937 
64.5 0.436086 0.0031396 0.50698 0.00233978 0.496956 0.00226703 0.488003 0.00220692 
65.5 0.442111 0.00313922 0.502473 0.00234766 0.491305 0.00228771 0.479167 0.00223193 
66.5 0.442111 0.00315539 0.504521 0.00236467 0.490501 0.00226511 0.477051 0.0022124 
67.5 0.44904 0.0031962 0.507521 0.00239086 0.495107 0.00229804 0.476893 0.00224385 
68.5 0.446418 0.00319235 0.499979 0.00235107 0.485865 0.00228355 0.471067 0.00223547 
69.5 0.453537 0.00323896 0.510699 0.00240306 0.497503 0.00231655 0.478101 0.00224861 
70.5 0.455345 0.0032488 0.512603 0.00239945 0.486724 0.00232398 0.467913 0.00226435 
71.5 0.452984 0.00326909 0.509518 0.00241073 0.48824 0.00232743 0.470787 0.00226499 
72.5 0.453446 0.00330566 0.509258 0.00241872 0.490963 0.00232853 0.468368 0.0022657 
73.5 0.448331 0.00332488 0.510674 0.00243602 0.48659 0.00233392 0.468764 0.00228027 
74.5 0.448073 0.00336435 0.50879 0.0024491 0.487121 0.00235867 0.464057 0.00228851 
75.5 0.441225 0.00337636 0.50158 0.00246652 0.473693 0.00236242 0.45272 0.00228447 
76.5 0.439142 0.00342428 0.502729 0.0024809 0.473596 0.00239524 0.454595 0.00230878 
77.5 0.42559 0.00343487 0.496387 0.00247442 0.469008 0.0023702 0.443089 0.00228735 
78.5 0.423103 0.00350706 0.499513 0.00252473 0.474327 0.00242685 0.453642 0.00233983 
79.5 0.414212 0.00351872 0.49097 0.00251834 0.464294 0.0023825 0.442693 0.00230812 
80.5 0.402536 0.00357582 0.494106 0.00250299 0.462713 0.00239436 0.444185 0.00233311 
81.5 0.393115 0.00362494 0.486745 0.0025191 0.46101 0.00236082 0.443676 0.0022869 
82.5 0.378554 0.00365727 0.481584 0.00251042 0.454591 0.00237686 0.440643 0.00233226 
83.5 0.355338 0.00369909 0.469812 0.00253954 0.44914 0.00240292 0.431548 0.00233087 
84.5 0.33632 0.00374317 0.470325 0.0025296 0.447172 0.00237724 0.433961 0.0022902 
85.5 0.31697 0.00380035 0.461602 0.00251684 0.445357 0.00235104 0.431422 0.00228481 
86.5 0.29338 0.00387889 0.464117 0.00253331 0.443429 0.00237575 0.434474 0.00228594 
87.5 0.272876 0.00392245 0.454775 0.00254665 0.445205 0.00235864 0.433903 0.00228561 
88.5 0.238262 0.00390855 0.443097 0.00243778 0.434393 0.0023099 0.426687 0.00224294 
89.5 0.213841 0.00400186 0.44929 0.0025547 0.441132 0.002362 0.436303 0.00226081 
90.5 0.181432 0.00398807 0.445392 0.00249819 0.440966 0.00230917 0.436816 0.00225207 
91.5 0.146538 0.00400072 0.438296 0.00248929 0.439691 0.00233891 0.434937 0.00224587 
92.5 0.116659 0.00410705 0.439257 0.00247028 0.436884 0.00229666 0.438491 0.00223161 
93.5 0.0903759 0.00419122 0.441799 0.00245815 0.444137 0.00230169 0.443051 0.00220083 
94.5 0.0524368 0.00420237 0.435707 0.00244827 0.439246 0.00229097 0.441382 0.00217997 
95.5 0.0228061 0.00438826 0.4258 0.00244639 0.43128 0.00229967 0.429037 0.00222634 
96.5 0.00784252 0.00517972 0.434882 0.00244162 0.440456 0.00226491 0.440927 0.00218972 
97.5 0 0 0.43374 0.00248221 0.439956 0.00228003 0.439455 0.00215547 
98.5 0 0 0.441249 0.00246932 0.440141 0.00231863 0.438352 0.00221534 
99.5 0 0 0.43446 0.00243946 0.437944 0.00228227 0.440411 0.00221139 
