2.5 -0.839589 0.0148376 -0.000471727 3.50395e-05 0.896975 0.0350007 0.954496 0.00118916 28240.7 386.786 0.994498 0.000272107 0.472159 0.0388484 0.00562306 0.00195645 -1.68926 0.156922 -0.788352 0.0216862 -0.000264347 3.03697e-05 0.518139 0.563848 
7.5 -0.796354 0.0149845 -0.000787363 6.05606e-05 0.967712 0.0242546 0.940693 0.00138254 21763.4 335.845 0.993423 0.000328302 0.473916 0.0384637 0.00586326 0.00201478 -1.68573 0.154641 -0.81038 0.0179463 -0.000468199 4.3962e-05 0.784271 0.079751 
12.5 -0.370391 0.107726 -8.09242e-05 9.04511e-05 1.83539 0.538324 0.929493 0.00158422 14067 232.267 0.993506 0.000365851 0.413707 0.0589788 0.00327876 0.00193222 -1.95376 0.297759 -0.790053 0.0180619 -0.000768633 7.29911e-05 0.888188 0.0542547 
17.5 0.690133 0.0111946 0.00196169 0.000143848 0.905332 0.0194576 0.923593 0.00176724 8690.08 148.235 0.99409 0.000408785 0.463537 0.0413442 0.00520054 0.00195357 -1.72607 0.172068 -0.697125 0.0193021 -0.000829208 9.09975e-05 1.07761 0.0321051 
22.5 0.78261 0.00579547 0.00584445 0.00023441 0.96731 0.00358918 0.922437 0.00174937 5629.92 95.8984 0.994302 0.000400118 0.401468 0.065017 0.00290181 0.0019351 -2.01774 0.346508 -0.51069 0.0385449 -0.000439793 0.000130266 1.40864 0.0925986 
27.5 0.819604 0.00433531 0.0109283 0.000354417 0.975886 0.00200425 0.918944 0.00179002 3678.45 63.7821 0.994313 0.000430435 0.483268 0.0360506 0.00639736 0.00202976 -1.64707 0.140576 0.529473 0.0271061 0.000868847 0.000186444 -1.26032 0.0929637 
32.5 0.833333 0.00390565 0.0162251 0.000490696 0.977855 0.00170545 0.905723 0.00211732 2318.13 43.8484 0.994113 0.000513767 0.540122 0.0251133 0.0101574 0.0020792 -1.44398 0.0846614 0.597463 0.0184139 0.0020686 0.000273257 -0.949916 0.0863992 
37.5 0.851508 0.0032657 0.0252101 0.000684558 0.981097 0.00122556 0.893361 0.00252243 1511.99 30.5789 0.99567 0.00100605 0.566234 0.0211644 0.0127677 0.00214545 -1.35376 0.0684112 0.714885 0.00866612 0.00658696 0.000395831 0.872869 0.0201538 
42.5 0.864262 0.00292176 0.0352141 0.000908733 0.980457 0.00110587 0.864349 0.00333588 909.49 21.9732 0.995689 0.00143248 0.554806 0.0228026 0.0116427 0.00213165 -1.39421 0.0748542 0.74244 0.00705625 0.0109353 0.000553697 0.904963 0.0114088 
47.5 0.8675 0.00282541 0.045435 0.00115188 0.980905 0.00104807 0.822687 0.00493502 522.477 16.6236 0.995913 0.00313742 0.504545 0.0310749 0.0076854 0.00203793 -1.56406 0.11371 0.774173 0.00565466 0.0179412 0.000765218 0.930166 0.00642849 
52.5 0.873457 0.0026623 0.0578133 0.00143999 0.979769 0.00102963 0.761431 0.00798863 264.929 12.8412 0.994237 0.00771072 0.554782 0.0225395 0.0114988 0.00208184 -1.38818 0.0739466 0.808932 0.004429 0.0284208 0.00101125 0.952684 0.00340836 
57.5 0.876925 0.00259963 0.071622 0.00176836 0.979346 0.00101461 0.517279 0.0480637 38.6992 14.7701 1.2252 0.17947 0.580451 0.0193209 0.0142754 0.00216447 -1.30721 0.0615518 0.817454 0.00418494 0.0366673 0.00126343 0.953595 0.00315788 
62.5 0.878026 0.0026252 0.084867 0.00212199 0.977632 0.00109735 -0.667977 0.0244267 -70.9802 10.4012 1.03379 0.0549169 0.56491 0.0213336 0.012872 0.0021862 -1.36249 0.0689698 0.825305 0.00402857 0.0470703 0.00159262 0.952568 0.00312086 
67.5 0.881141 0.00259088 0.0997653 0.00249058 0.976682 0.00111808 -0.909745 0.0180069 -175.172 15.3037 -0.702853 0.239959 0.615143 0.0156936 0.0193333 0.00232993 -1.201 0.0498896 0.836958 0.00377479 0.0602046 0.00196065 0.954239 0.0028465 
72.5 0.874168 0.00286222 0.105055 0.00281536 0.970962 0.001473 -1.10952 0.0232467 -284.848 28.3327 -0.974668 0.0368738 0.619815 0.0151065 0.0193258 0.00223656 -1.17889 0.0485155 0.82956 0.00409583 0.0659181 0.00229327 0.943279 0.00381683 
77.5 0.853792 0.00346908 0.0967353 0.00299287 0.956639 0.00249852 -1.21441 0.0197711 -285.905 23.408 -0.936441 0.0423957 0.612753 0.015864 0.0187053 0.00228259 -1.20731 0.0503554 0.800614 0.00527479 0.0591197 0.00251552 0.895629 0.00959134 
82.5 0.817812 0.00479497 0.0788141 0.00311683 0.913115 0.007013 -1.36547 0.0220403 -288.715 25.141 -0.991084 0.0274607 0.586695 0.0185375 0.0153116 0.00221992 -1.28909 0.0587209 0.756104 0.0074275 0.046757 0.00265828 0.647783 0.121513 
87.5 0.707583 0.0101391 0.037098 0.00282381 -0.946672 0.0445881 -1.53517 0.0203774 -282.108 23.7775 -1.0209 0.0138829 0.631718 0.014105 0.0214098 0.00230391 -1.14408 0.0460261 0.49723 0.0375002 0.00702799 0.00226657 -1.66682 0.143676 
92.5 -0.741102 0.0160262 -0.0272667 0.00170021 1.27468 0.0203726 -1.8476 0.0601267 -278.631 46.2502 -1.15486 0.0737141 0.65624 0.0121295 0.0253032 0.00232383 -1.05435 0.0434528 -0.899427 0.0120297 -0.0419419 0.0011405 1.11796 0.0102606 
97.5 -1.28697 0.0111536 -0.0612227 0.000928137 0.824095 0.0115037 -2.24022 0.0723487 -111.455 20.5438 -1.19643 0.0588186 0.687319 0.00969316 0.0297311 0.0021823 -0.884097 0.0526684 -1.39129 0.0123025 -0.0536068 0.001013 0.701857 0.0239271 
