0.5 0.127525 0.00128657 0.342998 0.00257453 0.346996 0.0023637 0.35961 0.00225128 
1.5 0.129664 0.00135694 0.341824 0.00259692 0.348207 0.00238384 0.35566 0.00222891 
2.5 0.13284 0.00135638 0.343131 0.00255627 0.351248 0.00240248 0.359842 0.0022429 
3.5 0.137946 0.00141003 0.343523 0.0025263 0.352077 0.00234697 0.357437 0.00218893 
4.5 0.139844 0.00140509 0.340164 0.00251894 0.353406 0.00229006 0.356011 0.00214445 
5.5 0.145849 0.00147644 0.34912 0.00255962 0.363602 0.00240407 0.367815 0.00226322 
6.5 0.151282 0.00152301 0.345504 0.00250815 0.355722 0.00231709 0.362229 0.00220218 
7.5 0.156866 0.00161213 0.343574 0.00250335 0.355002 0.00232524 0.364442 0.00217192 
8.5 0.160022 0.0015388 0.347363 0.00247894 0.362531 0.00234987 0.368389 0.00218632 
9.5 0.164468 0.00161291 0.352168 0.00247331 0.369621 0.00226076 0.374545 0.00216575 
10.5 0.173845 0.00165961 0.349367 0.00244539 0.359153 0.00225729 0.372583 0.00215037 
11.5 0.175197 0.00169269 0.348849 0.00240578 0.366677 0.00224729 0.373965 0.00211166 
12.5 0.181884 0.00170675 0.355723 0.00247115 0.369918 0.00227518 0.375013 0.00213268 
13.5 0.190537 0.00175542 0.366127 0.00245116 0.373299 0.00224953 0.383979 0.00215047 
14.5 0.194195 0.00175845 0.352358 0.00243998 0.371869 0.0022551 0.379625 0.0021535 
15.5 0.198129 0.00177646 0.361794 0.00242984 0.370286 0.00218288 0.381543 0.00208042 
16.5 0.211289 0.00185414 0.358729 0.00239861 0.377207 0.00219222 0.383688 0.00209067 
17.5 0.210091 0.00185189 0.359384 0.00237927 0.373022 0.00220555 0.382495 0.00204395 
18.5 0.22004 0.00191265 0.36023 0.00232666 0.378837 0.00215672 0.387885 0.00206528 
19.5 0.225637 0.00193976 0.36252 0.00232744 0.384957 0.00217787 0.396071 0.00207943 
20.5 0.22891 0.00196591 0.369893 0.0023577 0.387716 0.00214804 0.398445 0.00205204 
21.5 0.234173 0.00196125 0.367927 0.00232244 0.391546 0.00218117 0.399629 0.00209187 
22.5 0.245875 0.00204099 0.366429 0.00229988 0.386855 0.00208618 0.3965 0.00204893 
23.5 0.246508 0.00203714 0.372884 0.00229962 0.394066 0.00213614 0.399222 0.00206647 
24.5 0.252447 0.00208037 0.372972 0.00221929 0.390625 0.0020923 0.399382 0.0020634 
25.5 0.258579 0.00211799 0.375747 0.00227912 0.400595 0.00214719 0.411409 0.00205584 
26.5 0.261238 0.00213033 0.378463 0.00223382 0.400404 0.00208259 0.412103 0.002016 
27.5 0.266543 0.00217072 0.381577 0.00221348 0.403 0.00205784 0.408329 0.00203361 
28.5 0.270662 0.00220193 0.3878 0.00227329 0.406335 0.00211778 0.413807 0.00204255 
29.5 0.2796 0.0022631 0.387078 0.00220524 0.410612 0.00205187 0.413593 0.00203018 
30.5 0.28185 0.0022556 0.38839 0.0022748 0.413844 0.00208868 0.421432 0.00204786 
31.5 0.283379 0.00227903 0.390323 0.00222104 0.416029 0.00208974 0.42085 0.00202864 
32.5 0.292064 0.00231825 0.392437 0.0021557 0.418809 0.00208294 0.42252 0.00201457 
33.5 0.296169 0.00234872 0.397638 0.0022387 0.421733 0.00213216 0.428693 0.00206213 
34.5 0.295805 0.00234871 0.400104 0.00216853 0.425111 0.00209908 0.429037 0.00203828 
35.5 0.306716 0.00241645 0.403324 0.00218586 0.428102 0.00208092 0.434368 0.0020432 
36.5 0.31178 0.00243212 0.409745 0.00221355 0.430959 0.00211682 0.438528 0.00204996 
37.5 0.314877 0.00246038 0.40944 0.00223193 0.435833 0.0021004 0.440816 0.00202895 
38.5 0.316968 0.00247046 0.413207 0.00217467 0.435108 0.00211869 0.44224 0.00203786 
39.5 0.319944 0.00251017 0.420463 0.0022062 0.441074 0.00208154 0.444466 0.00203679 
40.5 0.328258 0.0025122 0.424468 0.00222706 0.445294 0.00214614 0.452945 0.00208715 
41.5 0.336027 0.00258452 0.41704 0.00219692 0.447304 0.00210372 0.449188 0.00208824 
42.5 0.332376 0.0025702 0.429064 0.00222511 0.445197 0.00214408 0.449729 0.00208823 
43.5 0.341619 0.00260989 0.425431 0.00217432 0.454602 0.00212167 0.456658 0.00207595 
44.5 0.346468 0.00266599 0.43737 0.0021796 0.455844 0.0021072 0.459423 0.00209513 
45.5 0.346613 0.00265202 0.4393 0.00215586 0.457646 0.0021059 0.460176 0.00206932 
46.5 0.353544 0.0026902 0.441768 0.00218641 0.459036 0.00210806 0.464301 0.00204782 
47.5 0.35822 0.00272963 0.43832 0.0021808 0.457279 0.00208302 0.461169 0.00205291 
48.5 0.363143 0.00273689 0.448108 0.00218468 0.465094 0.00214197 0.46264 0.00212401 
49.5 0.372622 0.00279693 0.452217 0.00218311 0.471863 0.00215983 0.468776 0.00211043 
50.5 0.375996 0.00281056 0.461019 0.00224787 0.479519 0.0021854 0.472236 0.00214451 
51.5 0.378682 0.00281703 0.455958 0.00223773 0.474287 0.00216027 0.470604 0.00211993 
52.5 0.382262 0.00284575 0.463987 0.00223478 0.478686 0.00217076 0.473868 0.00212472 
53.5 0.38248 0.00283652 0.466419 0.00225488 0.477391 0.00218237 0.476144 0.00212791 
54.5 0.390107 0.00292157 0.473356 0.00219941 0.485426 0.00219528 0.48074 0.00213576 
55.5 0.397263 0.00292311 0.473545 0.00222084 0.480281 0.00216782 0.473896 0.00213034 
56.5 0.39697 0.00293613 0.480278 0.0022497 0.483577 0.00217764 0.473887 0.00214403 
57.5 0.40433 0.00296672 0.478661 0.00223515 0.482914 0.00219999 0.47489 0.00215977 
58.5 0.410553 0.00298935 0.484368 0.00224933 0.491677 0.0022069 0.478098 0.00215095 
59.5 0.415009 0.00300359 0.490758 0.00229135 0.490435 0.0021937 0.477088 0.00216113 
60.5 0.421875 0.00302048 0.491869 0.00226121 0.488524 0.00219914 0.473483 0.00217538 
61.5 0.424077 0.00304705 0.491394 0.00228769 0.495016 0.00222447 0.476541 0.00218975 
62.5 0.430331 0.00310955 0.493669 0.00229984 0.494517 0.00225668 0.477477 0.00219979 
63.5 0.429169 0.00307446 0.489124 0.00230998 0.486833 0.00227591 0.470514 0.00219424 
64.5 0.43311 0.00311635 0.503042 0.00232164 0.495555 0.00225812 0.477381 0.00219965 
65.5 0.442589 0.00313651 0.505847 0.00232961 0.493784 0.00229932 0.47658 0.00223029 
66.5 0.438759 0.00314763 0.5041 0.00232991 0.488991 0.00227788 0.470282 0.00221763 
67.5 0.446159 0.00319627 0.505843 0.00234477 0.49473 0.00230649 0.473713 0.00224348 
68.5 0.443573 0.0031933 0.497607 0.00234203 0.48326 0.00228015 0.465271 0.00224166 
69.5 0.449586 0.0032281 0.506597 0.00237586 0.496804 0.00231491 0.470197 0.00225728 
70.5 0.452462 0.00323978 0.509284 0.0023798 0.486043 0.00231006 0.464023 0.00225671 
71.5 0.448437 0.00327514 0.508301 0.00237531 0.482346 0.00232638 0.463508 0.00225086 
72.5 0.449257 0.00330825 0.510146 0.00238402 0.488995 0.00233077 0.46202 0.00228249 
73.5 0.445765 0.00329808 0.503415 0.0024172 0.479482 0.00233633 0.456226 0.0022628 
74.5 0.449148 0.00334724 0.504731 0.00242778 0.484709 0.00233937 0.455503 0.00228895 
75.5 0.438748 0.00337927 0.497857 0.00241813 0.475826 0.00233043 0.448027 0.00228471 
76.5 0.437454 0.00340453 0.499522 0.0024717 0.474741 0.00236224 0.447495 0.00228905 
77.5 0.424693 0.00343225 0.496428 0.00244317 0.470398 0.00236865 0.441354 0.00230787 
78.5 0.42365 0.00348465 0.496985 0.0024886 0.471337 0.00240274 0.448431 0.00231692 
79.5 0.413746 0.00350523 0.49423 0.0024629 0.463156 0.0023783 0.436685 0.00230589 
80.5 0.403459 0.00357329 0.490255 0.00249554 0.46154 0.00238565 0.436837 0.00231582 
81.5 0.392969 0.00360392 0.486107 0.00247609 0.460466 0.0023534 0.434407 0.00228237 
82.5 0.376799 0.00365533 0.480243 0.00248999 0.454411 0.00236208 0.432971 0.00230215 
83.5 0.354243 0.00369373 0.465381 0.00250439 0.448761 0.00237854 0.426216 0.00232057 
84.5 0.33554 0.00373544 0.468099 0.00247508 0.448724 0.00237281 0.42828 0.00227432 
85.5 0.31668 0.00378876 0.460472 0.00246868 0.446357 0.00235042 0.427993 0.00227367 
86.5 0.292047 0.00385786 0.457625 0.00249755 0.442287 0.00235055 0.425153 0.00228607 
87.5 0.271267 0.00389116 0.453236 0.00248282 0.444909 0.00235721 0.426118 0.00227734 
88.5 0.236827 0.00391531 0.43998 0.00241922 0.42927 0.00227945 0.41938 0.00221793 
89.5 0.212372 0.00399068 0.444099 0.00246235 0.440435 0.00234355 0.428392 0.00224518 
90.5 0.180592 0.00398015 0.441955 0.00245907 0.438385 0.00231898 0.430591 0.00226933 
91.5 0.146981 0.00400169 0.435633 0.00243128 0.435462 0.00231356 0.429238 0.00223388 
92.5 0.119067 0.00411356 0.435185 0.00242962 0.438881 0.00229372 0.431505 0.00221215 
93.5 0.0889954 0.00413924 0.440945 0.0023903 0.443471 0.00228984 0.435981 0.00219673 
94.5 0.0521874 0.00418622 0.43242 0.00240038 0.436333 0.00230271 0.433406 0.00219047 
95.5 0.0211898 0.00427111 0.430389 0.00239538 0.433771 0.00231481 0.429603 0.00218749 
96.5 0.00816759 0.00585215 0.429889 0.00236866 0.438785 0.00226612 0.438103 0.0021752 
97.5 0 0 0.432674 0.00244059 0.43813 0.002276 0.432409 0.00217902 
98.5 0 0 0.43595 0.00238857 0.435181 0.00230723 0.430565 0.00220887 
99.5 0 0 0.43293 0.00242501 0.43826 0.00227763 0.43333 0.00219221 
