2.5 -0.731619 0.0187046 -0.0003398 3.55858e-05 0.951977 0.0426869 -0.551274 0.0543224 -4.43697e-05 1.67461e-05 -1.11385 0.660129 -0.64743 0.0326932 -0.000152078 3.09076e-05 -0.926661 0.26569 -0.56739 0.0432436 -0.000127525 3.8561e-05 -0.984204 0.1638 
7.5 -0.670022 0.0212133 -0.000488794 6.2275e-05 1.03651 0.0376728 -0.649746 0.0310228 -0.000115182 2.22749e-05 -0.867734 0.24913 -0.693573 0.024477 -0.000317019 4.60595e-05 0.468472 1.35467 -0.653513 0.0284839 -0.000322161 5.71708e-05 -0.738551 1.34149 
12.5 0.619855 0.0181174 0.000769133 9.35364e-05 0.9569 0.0370541 -0.538463 0.0402535 -8.95346e-05 2.65558e-05 1.04568 0.124204 -0.645844 0.027551 -0.00042345 7.2974e-05 0.886775 0.110678 -0.588976 0.0349622 -0.000384869 9.13546e-05 0.79808 0.248076 
17.5 0.777781 0.00631297 0.003868 0.000153963 0.996817 0.00361957 -0.487281 0.0505042 -9.41857e-05 3.86974e-05 1.112 0.127282 -0.447156 0.0598124 -0.000175428 9.24339e-05 1.38166 0.172022 -0.280885 0.278221 -3.21572e-05 0.000111566 1.86369 2.07955 
22.5 0.836624 0.00374109 0.00904998 0.000244778 0.995169 0.00127381 -0.479012 0.0507644 -0.000138143 5.79287e-05 1.2563 0.123625 0.556619 0.0244177 0.000761367 0.000137609 -0.754143 0.29343 0.548482 0.0278053 0.000758363 0.000157004 0.86433 0.139844 
27.5 0.860094 0.002953 0.0154668 0.000366667 0.993675 0.0007844 0.372394 0.0993689 7.68845e-05 8.46047e-05 -1.28996 0.4751 0.672186 0.0110803 0.00267056 0.000200724 0.867586 0.0295717 0.5608 0.0229604 0.00130392 0.000221322 -0.86644 0.159416 
32.5 0.872045 0.00265283 0.0227847 0.00050382 0.994365 0.000703238 0.361655 0.103715 0.000102698 0.000120359 -1.51572 0.503225 0.70961 0.00910503 0.00493592 0.000293758 0.957902 0.00838807 0.650241 0.0132408 0.00338958 0.000300666 0.897098 0.0288973 
37.5 0.880841 0.00234808 0.032701 0.000694207 0.99278 0.000530915 0.535953 0.0281374 0.000774099 0.000166689 -0.937399 0.15448 0.772477 0.00578911 0.0104098 0.000425299 0.963878 0.00365203 0.722375 0.00792425 0.00768612 0.000418576 0.927113 0.00998759 
42.5 0.892178 0.00207264 0.0453807 0.000923453 0.991251 0.000466807 0.598818 0.0177875 0.00175308 0.000220019 0.642032 0.364628 0.795498 0.00475498 0.0166345 0.000595128 0.967421 0.00266393 0.749034 0.00650279 0.0124087 0.000575109 0.940358 0.00650564 
47.5 0.891555 0.00209444 0.0566019 0.00116939 0.990276 0.000490216 0.644689 0.0133449 0.0033622 0.00030646 0.80863 0.0632127 0.816631 0.00402766 0.0253873 0.000820587 0.969719 0.0020677 0.788189 0.0049717 0.0204224 0.000773924 0.95541 0.00359568 
52.5 0.895027 0.00202594 0.0707598 0.00147044 0.988374 0.000523343 0.691935 0.00971166 0.00616914 0.000407615 0.891134 0.0195995 0.840774 0.00333949 0.0375307 0.00107896 0.974768 0.00146699 0.812296 0.00416647 0.0297347 0.000995971 0.964431 0.00246757 
57.5 0.893809 0.00209648 0.0843822 0.00180931 0.986358 0.000599406 0.724642 0.00777478 0.0102355 0.000558303 0.905126 0.0126534 0.842674 0.00333382 0.0459366 0.00133794 0.971339 0.00162573 0.819466 0.00394636 0.0389395 0.00128914 0.959393 0.00261571 
62.5 0.893803 0.00216055 0.0984837 0.00216467 0.98448 0.000684587 0.706708 0.0085252 0.0112896 0.000688791 0.827455 0.0315423 0.848667 0.00325427 0.0580538 0.00168049 0.969425 0.00168891 0.813814 0.00423408 0.0428851 0.00150701 0.949287 0.00345859 
67.5 0.892963 0.00224947 0.112033 0.00254611 0.981961 0.000797501 0.719397 0.0078801 0.0143882 0.000832263 0.813419 0.0325904 0.854533 0.00321952 0.0710917 0.00206467 0.966456 0.0018331 0.820538 0.00414125 0.0507114 0.00176701 0.947153 0.00356284 
72.5 0.884053 0.00257255 0.116037 0.00289023 0.976089 0.00113221 0.678654 0.0102373 0.0129366 0.000977978 -0.844468 0.0653031 0.845492 0.0035835 0.0765038 0.00241057 0.956622 0.00258553 0.79965 0.004996 0.0492721 0.00200099 0.914078 0.00717248 
77.5 0.860298 0.00326577 0.103289 0.00305999 0.96137 0.00211871 0.570277 0.0200291 0.00659813 0.0010356 -1.29209 0.0649291 0.813256 0.00481387 0.0665407 0.00263245 0.91557 0.00682709 0.738263 0.00773201 0.0345119 0.00204005 0.521784 0.389555 
82.5 0.824931 0.00453572 0.0841414 0.00318646 0.923186 0.00578326 -0.464696 0.045002 -0.00284621 0.00104971 1.79836 0.159629 0.771467 0.00672214 0.0534516 0.00278523 0.782789 0.0361468 0.620737 0.0164052 0.0158842 0.00198384 -1.22155 0.0514309 
87.5 0.712549 0.00983149 0.0387583 0.00286471 -0.923877 0.0461373 -0.796791 0.0125874 -0.0191465 0.000822997 1.17292 0.0133613 0.534245 0.0296125 0.00974228 0.00236122 -1.53308 0.102573 -0.678178 0.0187048 -0.0166043 0.00146081 1.34888 0.0288397 
92.5 -0.741231 0.0160184 -0.0273822 0.00170589 1.27448 0.0203531 -1.08246 0.0095899 -0.0336347 0.000614728 0.945684 0.00791802 -0.894076 0.0121298 -0.0420366 0.00117497 1.12289 0.0104523 -1.04514 0.010311 -0.0453461 0.000684715 0.997118 0.00767727 
97.5 -1.28724 0.0111604 -0.0613873 0.000930749 0.824 0.011507 -1.52887 0.0129742 -0.027763 0.000893721 -0.788437 0.013445 -1.38874 0.0122815 -0.0543304 0.00101639 0.70742 0.0230357 -1.51107 0.0134056 -0.0394328 0.00105847 -0.713551 0.0217286 
