0.5 0.34464 0.0044239 0.361253 0.00440388 0.395472 0.00456931 0.420939 0.00444886 
1.5 0.348919 0.00418167 0.381415 0.00451689 0.407612 0.00439406 0.433294 0.0046372 
2.5 0.356509 0.00443613 0.368454 0.00448031 0.405123 0.00457205 0.430989 0.0044967 
3.5 0.365202 0.00458878 0.380866 0.00466937 0.410793 0.00472866 0.436633 0.00473135 
4.5 0.369885 0.00457303 0.388036 0.00466913 0.420251 0.00477904 0.441763 0.00468283 
5.5 0.388659 0.00469004 0.396372 0.00474737 0.434364 0.00475644 0.463477 0.00473459 
6.5 0.396539 0.00477259 0.401232 0.00459315 0.435219 0.00480879 0.460817 0.0046277 
7.5 0.400742 0.00477942 0.406499 0.00479437 0.450768 0.00486031 0.468264 0.00474547 
8.5 0.412421 0.00486928 0.41121 0.0047368 0.439142 0.0049235 0.470537 0.00466296 
9.5 0.437317 0.00496744 0.426134 0.00483234 0.461247 0.00489462 0.479337 0.00476115 
10.5 0.439415 0.00500881 0.442546 0.00492136 0.472307 0.00487469 0.48695 0.00480483 
11.5 0.456655 0.0049969 0.452443 0.0052528 0.48314 0.00490359 0.492722 0.00474089 
12.5 0.460221 0.00501902 0.447272 0.00500797 0.482101 0.00480121 0.496559 0.00472867 
13.5 0.479896 0.00521105 0.457313 0.00502619 0.496263 0.00494377 0.509872 0.00484772 
14.5 0.480199 0.00515355 0.473054 0.00506034 0.502233 0.0049688 0.523204 0.00476569 
15.5 0.491329 0.00503263 0.478153 0.00515718 0.510655 0.00487211 0.519231 0.0048665 
16.5 0.510216 0.00508161 0.491628 0.00514436 0.521141 0.00493326 0.53337 0.00495383 
17.5 0.518353 0.0052137 0.503285 0.00513862 0.527172 0.00504452 0.536929 0.00481871 
18.5 0.532922 0.00538334 0.519001 0.00534734 0.544192 0.00502547 0.550969 0.00488472 
19.5 0.547649 0.00532013 0.528751 0.00530237 0.552183 0.00502827 0.551276 0.00488468 
20.5 0.559272 0.00526795 0.542372 0.0051786 0.568067 0.00494342 0.572661 0.00474665 
21.5 0.567706 0.00520922 0.552681 0.00509028 0.573742 0.00492049 0.574071 0.00468925 
22.5 0.575895 0.00528009 0.550312 0.00513371 0.576531 0.00487245 0.579503 0.00467476 
23.5 0.589057 0.00528454 0.556355 0.00526992 0.577722 0.00494418 0.569991 0.00482865 
24.5 0.596898 0.00532249 0.579947 0.0052357 0.594941 0.00487737 0.583701 0.00475356 
25.5 0.609385 0.00540116 0.586083 0.0052883 0.597031 0.00497066 0.592231 0.00472221 
26.5 0.619949 0.00522766 0.590446 0.00519657 0.596697 0.00489167 0.58727 0.00482898 
27.5 0.620323 0.00524643 0.596054 0.00521533 0.59353 0.00490555 0.589743 0.00472875 
28.5 0.643059 0.00531045 0.612088 0.00524375 0.618223 0.00489556 0.592355 0.00487975 
29.5 0.650283 0.0053017 0.611633 0.0052665 0.614953 0.00498429 0.593548 0.00475757 
30.5 0.652449 0.0052811 0.617576 0.00518271 0.613866 0.00504119 0.594693 0.00494447 
31.5 0.659862 0.00535264 0.628269 0.00518374 0.619881 0.00495785 0.597772 0.0048431 
32.5 0.66539 0.00541938 0.624836 0.00536262 0.612777 0.00521369 0.593219 0.00501799 
33.5 0.666299 0.00538183 0.633218 0.00541626 0.618205 0.00510162 0.602942 0.0049501 
34.5 0.681816 0.00541221 0.63892 0.00530346 0.619919 0.00512783 0.585911 0.00511174 
35.5 0.677262 0.00549757 0.635968 0.00540282 0.613849 0.00523644 0.587266 0.00511096 
36.5 0.679976 0.0056354 0.632774 0.00554612 0.615816 0.00527359 0.577412 0.0052717 
37.5 0.683569 0.00557733 0.640974 0.00540666 0.610556 0.00534572 0.578534 0.00532971 
38.5 0.690021 0.00565464 0.641653 0.00558775 0.612926 0.00546692 0.57789 0.00538068 
39.5 0.689915 0.00573357 0.63982 0.00564729 0.609756 0.00550088 0.5699 0.00548535 
40.5 0.684975 0.00580088 0.628618 0.00581506 0.5944 0.00574859 0.564017 0.00561037 
41.5 0.672755 0.00615466 0.628177 0.00589714 0.590499 0.00577189 0.546013 0.00580453 
42.5 0.667792 0.00631947 0.622161 0.00619185 0.576856 0.0061384 0.541114 0.00604935 
43.5 0.65784 0.00652602 0.608175 0.00632655 0.565808 0.00619162 0.528367 0.00605774 
44.5 0.660562 0.00664442 0.602312 0.0064746 0.562923 0.00630643 0.515964 0.00624632 
45.5 0.628617 0.0070814 0.57691 0.00681608 0.531664 0.00662517 0.487956 0.00643453 
46.5 0.618997 0.00717414 0.565773 0.00683691 0.518427 0.0066377 0.470501 0.0065408 
47.5 0.620136 0.00726687 0.563165 0.00702273 0.519837 0.00685497 0.478142 0.00675575 
48.5 0.578402 0.00779572 0.527923 0.00742719 0.481453 0.00718528 0.438743 0.00696641 
49.5 0.58342 0.00781008 0.522832 0.00749776 0.48035 0.00727995 0.43691 0.00709661 
50.5 0.568984 0.00791672 0.504234 0.00756643 0.457802 0.00731917 0.412203 0.00713966 
51.5 0.543227 0.00826193 0.490404 0.00787622 0.446313 0.00758419 0.406826 0.00737754 
52.5 0.510728 0.00845769 0.456852 0.0080213 0.411484 0.00765673 0.370316 0.00738867 
53.5 0.52735 0.00846064 0.471442 0.00800901 0.421974 0.00770286 0.381023 0.00745603 
54.5 0.484162 0.00895097 0.42718 0.0084874 0.382163 0.0081455 0.345448 0.00779582 
55.5 0.446531 0.00914633 0.397085 0.00856558 0.357365 0.00817109 0.315867 0.00783347 
56.5 0.426016 0.00918237 0.374755 0.00858986 0.332447 0.00821247 0.298046 0.00789326 
57.5 0.407027 0.00939182 0.356051 0.00882808 0.316854 0.00835624 0.282669 0.0079842 
58.5 0.389437 0.00951028 0.344292 0.00892645 0.305685 0.00840031 0.273547 0.00799681 
59.5 0.366212 0.0098068 0.326672 0.00925271 0.290461 0.00882239 0.259654 0.00832982 
60.5 0.330528 0.00997605 0.290703 0.00937296 0.259271 0.00885275 0.231136 0.00837992 
61.5 0.297207 0.00991486 0.261557 0.00919898 0.22881 0.00861589 0.200322 0.00819682 
62.5 0.28653 0.00998656 0.24606 0.00918057 0.2136 0.00849057 0.185105 0.00788699 
63.5 0.277581 0.0103082 0.240583 0.00945577 0.211892 0.00888256 0.188124 0.00827861 
64.5 0.262061 0.0101017 0.229022 0.00944975 0.19872 0.00885003 0.177448 0.0084225 
65.5 0.241286 0.0101275 0.210419 0.00930418 0.182853 0.00876784 0.160466 0.00839751 
66.5 0.189801 0.010236 0.166158 0.0094405 0.141956 0.0089403 0.123097 0.00842765 
67.5 0.188923 0.0105209 0.162736 0.00968483 0.14297 0.0090893 0.124712 0.00875553 
68.5 0.173602 0.0105348 0.149683 0.00959068 0.131231 0.0088298 0.113241 0.00812942 
69.5 0.162398 0.0104541 0.140169 0.00966797 0.124064 0.00919779 0.109195 0.00861938 
70.5 0.154414 0.0104931 0.130289 0.00954235 0.114495 0.00880324 0.100051 0.00828941 
71.5 0.126201 0.0100524 0.107303 0.00941679 0.0923037 0.00888782 0.0801682 0.00853378 
72.5 0.106402 0.0100971 0.0839089 0.00901947 0.0689533 0.0084529 0.0577385 0.00810418 
73.5 0.0925345 0.0104181 0.0755233 0.0096276 0.0652682 0.00885533 0.0562728 0.00813451 
74.5 0.0939961 0.0107336 0.0830358 0.00987457 0.0703187 0.00902004 0.0609776 0.00845397 
75.5 0.0749231 0.0107454 0.0670773 0.0102405 0.0584619 0.00956768 0.0510487 0.00900861 
76.5 0.0956502 0.0105517 0.0802359 0.00962559 0.0691107 0.00922976 0.0593844 0.00875299 
77.5 0.066324 0.0108751 0.0551671 0.0102157 0.0498211 0.00928591 0.0446911 0.00891304 
78.5 0.042886 0.01192 0.0371181 0.0115368 0.0322462 0.0116597 0.0282168 0.0122515 
79.5 0.0554551 0.0120588 0.0494863 0.0117067 0.0446952 0.0112085 0.040285 0.0107403 
80.5 0.0313115 0.00898533 0.0206241 0.00659617 0.0101661 0.00512596 0.0125023 0.00657101 
81.5 0.0418709 0.0121034 0.0400237 0.0109915 0.0365116 0.0103304 0.0312168 0.00920513 
82.5 0.0470986 0.0103007 0.0393448 0.0087039 0.0308897 0.00711826 0.0247821 0.00628972 
83.5 0.0233502 0.0108064 0.0166265 0.00754892 0.0108364 0.00466852 0.00687298 0.00286692 
84.5 0 0 0 0 0 0 0 0 
85.5 0 0 0 0 0 0 0 0 
86.5 0 0 0 0 0 0 0 0 
87.5 0 0 0 0 0 0 0 0 
88.5 0 0 0 0 0 0 0 0 
89.5 0 0 0 0 0 0 0 0 
90.5 0 0 0 0 0 0 0 0 
91.5 0 0 0 0 0 0 0 0 
92.5 0 0 0 0 0 0 0 0 
93.5 0 0 0 0 0 0 0 0 
94.5 0 0 0 0 0 0 0 0 
95.5 0 0 0 0 0 0 0 0 
96.5 0 0 0 0 0 0 0 0 
97.5 0 0 0 0 0 0 0 0 
98.5 0 0 0 0 0 0 0 0 
99.5 0 0 0 0 0 0 0 0 
