0.5 0.190314 0.00268072 0.176669 0.00218537 0.211854 0.00268289 0.232705 0.00279567 
1.5 0.193373 0.00273107 0.179441 0.00237664 0.213018 0.00269004 0.238453 0.00309541 
2.5 0.198528 0.00286278 0.185862 0.0024325 0.217296 0.00293841 0.246964 0.00323373 
3.5 0.206958 0.00298825 0.193687 0.00254242 0.221017 0.00299416 0.248836 0.00324982 
4.5 0.211147 0.00284704 0.193077 0.00268119 0.224542 0.00288347 0.255695 0.00326896 
5.5 0.219086 0.00310864 0.194598 0.00257214 0.229396 0.00302182 0.256478 0.00333622 
6.5 0.227639 0.00305429 0.196635 0.00274666 0.231091 0.00313894 0.261434 0.00351796 
7.5 0.232026 0.00312369 0.202442 0.00270203 0.238908 0.00333466 0.269336 0.0033502 
8.5 0.241774 0.00322955 0.205266 0.00284298 0.2413 0.00315747 0.277951 0.0034667 
9.5 0.252257 0.00333332 0.213356 0.00271779 0.254522 0.00320535 0.276619 0.0034484 
10.5 0.263925 0.00324278 0.218892 0.00292261 0.256483 0.0034218 0.288178 0.00378144 
11.5 0.26767 0.00333802 0.223409 0.0031068 0.264606 0.0034832 0.292401 0.00363681 
12.5 0.271653 0.00334565 0.228871 0.00295942 0.274721 0.00344416 0.303984 0.00387002 
13.5 0.289549 0.00337852 0.237571 0.00317711 0.281948 0.0036926 0.309911 0.00385307 
14.5 0.295732 0.00338728 0.24313 0.00315717 0.285542 0.00350284 0.319718 0.0039752 
15.5 0.304366 0.00328996 0.245447 0.00317662 0.295623 0.00368391 0.31927 0.00397496 
16.5 0.324332 0.00353281 0.258073 0.00338597 0.307937 0.00376514 0.330567 0.00397429 
17.5 0.32689 0.00361589 0.259612 0.00341325 0.304791 0.00377146 0.339262 0.00415784 
18.5 0.341564 0.00347237 0.264031 0.00320947 0.313437 0.00376722 0.352137 0.0041602 
19.5 0.350425 0.00362002 0.271128 0.00358392 0.325455 0.00393548 0.350147 0.00410334 
20.5 0.35738 0.00364762 0.271379 0.00355568 0.337673 0.00402503 0.361644 0.00422155 
21.5 0.362957 0.00345177 0.280968 0.00342652 0.338699 0.00401486 0.36547 0.00420611 
22.5 0.384288 0.00365513 0.292163 0.00361484 0.35591 0.00416221 0.387876 0.0044359 
23.5 0.386993 0.00363839 0.294262 0.00349461 0.354614 0.00411018 0.375707 0.00431089 
24.5 0.386054 0.00367093 0.296059 0.0036566 0.364781 0.00417415 0.386848 0.00450005 
25.5 0.396994 0.00377355 0.311584 0.00387703 0.373751 0.00438481 0.405137 0.00458902 
26.5 0.402712 0.00372535 0.315943 0.00377201 0.377409 0.00420597 0.410214 0.00451997 
27.5 0.408663 0.00373552 0.32608 0.00402645 0.388213 0.0044409 0.418714 0.00469765 
28.5 0.427041 0.00386563 0.329366 0.00395852 0.395712 0.00437711 0.415361 0.00458173 
29.5 0.439744 0.00393717 0.335412 0.00402104 0.414391 0.00450951 0.433429 0.00463301 
30.5 0.440173 0.00389475 0.34664 0.00412957 0.413476 0.00446607 0.438033 0.0047398 
31.5 0.444361 0.0039391 0.3516 0.00410549 0.422968 0.00452341 0.448936 0.00485766 
32.5 0.456626 0.00414461 0.364546 0.00430284 0.432692 0.00475768 0.452748 0.00485561 
33.5 0.456456 0.00403095 0.366903 0.00414899 0.434984 0.00451755 0.463628 0.00489361 
34.5 0.465259 0.00418954 0.375757 0.00425349 0.444571 0.00468156 0.479289 0.00493882 
35.5 0.475373 0.00408511 0.388758 0.00432275 0.455562 0.00463531 0.482257 0.00487709 
36.5 0.481893 0.00413368 0.390791 0.00458396 0.461097 0.00469084 0.488995 0.00502099 
37.5 0.494755 0.0042685 0.405693 0.00453275 0.470811 0.00473334 0.503752 0.00504529 
38.5 0.502751 0.00430933 0.419612 0.00463043 0.483977 0.00496286 0.508876 0.00508906 
39.5 0.504271 0.00437122 0.411096 0.00451512 0.493058 0.00481163 0.514335 0.00502603 
40.5 0.506927 0.00430873 0.421468 0.00469418 0.487677 0.0049297 0.515482 0.00494524 
41.5 0.525066 0.00431743 0.437721 0.0046478 0.510349 0.00481793 0.530023 0.00499362 
42.5 0.526399 0.00438656 0.447358 0.00473675 0.512544 0.00486895 0.530085 0.00503513 
43.5 0.537957 0.00451458 0.443104 0.00489387 0.526895 0.00502323 0.542908 0.00524634 
44.5 0.540735 0.00460298 0.468643 0.00499294 0.535598 0.00496736 0.557863 0.00511897 
45.5 0.536248 0.00466386 0.472202 0.00487047 0.536398 0.00490259 0.564204 0.0049138 
46.5 0.555914 0.00457106 0.484972 0.00494959 0.555061 0.00498907 0.570759 0.00516593 
47.5 0.555806 0.00469889 0.488615 0.00501506 0.552375 0.00504127 0.575966 0.00513422 
48.5 0.573053 0.00487025 0.503849 0.00507847 0.573816 0.00502006 0.588267 0.00505075 
49.5 0.586437 0.00465789 0.518957 0.00510459 0.579482 0.00510468 0.600127 0.00508543 
50.5 0.589239 0.00461775 0.517792 0.00504132 0.584266 0.0049787 0.594664 0.00515213 
51.5 0.591406 0.0047099 0.518546 0.00521581 0.57232 0.00515995 0.586863 0.00516686 
52.5 0.599757 0.00483302 0.540337 0.00518729 0.594173 0.00504511 0.607816 0.00513352 
53.5 0.603378 0.0048155 0.551743 0.00514789 0.604561 0.00512387 0.625075 0.00504871 
54.5 0.611737 0.00490733 0.558533 0.00521201 0.615151 0.00505199 0.623841 0.00513444 
55.5 0.624694 0.00488597 0.566289 0.00512769 0.608888 0.00525039 0.62206 0.00513712 
56.5 0.623782 0.00499999 0.578233 0.0051568 0.618077 0.00517656 0.627093 0.00514109 
57.5 0.64827 0.00488823 0.582251 0.00524742 0.634637 0.00502844 0.642181 0.00506616 
58.5 0.648195 0.00493025 0.599963 0.00521312 0.63665 0.00513676 0.642252 0.00517811 
59.5 0.659315 0.00488726 0.609559 0.00517658 0.640118 0.0051629 0.647254 0.00504627 
60.5 0.672169 0.00493859 0.630726 0.00512435 0.658737 0.00503629 0.664041 0.00504099 
61.5 0.679151 0.00493227 0.623324 0.00538843 0.661641 0.00511322 0.656601 0.00511825 
62.5 0.696902 0.00489616 0.632002 0.00541081 0.671157 0.00506563 0.659638 0.00523317 
63.5 0.691307 0.00498331 0.637486 0.00528401 0.659718 0.00524111 0.653428 0.00528445 
64.5 0.700023 0.0049692 0.64056 0.00523568 0.670979 0.0051301 0.657655 0.00528215 
65.5 0.706124 0.00507418 0.646214 0.00539091 0.674665 0.0051485 0.659752 0.00528401 
66.5 0.704588 0.00509744 0.655025 0.00526701 0.667241 0.0052789 0.651791 0.00533129 
67.5 0.72884 0.00500372 0.660991 0.00537726 0.683394 0.00523306 0.663045 0.00538906 
68.5 0.727954 0.00502269 0.669375 0.0053695 0.682684 0.00524994 0.65666 0.00545717 
69.5 0.733189 0.00505529 0.671842 0.00532436 0.678723 0.00527334 0.655905 0.00546066 
70.5 0.727075 0.00532561 0.675232 0.00549888 0.674205 0.00547911 0.647309 0.00565737 
71.5 0.720907 0.00542521 0.671383 0.00568999 0.66057 0.00575515 0.638133 0.00594573 
72.5 0.732668 0.00554368 0.680167 0.00571509 0.678132 0.00567031 0.645474 0.00586116 
73.5 0.732382 0.00565839 0.677065 0.00585036 0.671581 0.0058015 0.640084 0.0059401 
74.5 0.722928 0.00580541 0.65812 0.00603284 0.645017 0.0061002 0.614134 0.00620269 
75.5 0.728671 0.00587622 0.666854 0.0061084 0.649916 0.0061806 0.615166 0.00625922 
76.5 0.725501 0.00594721 0.663351 0.00614187 0.642356 0.00624726 0.603772 0.00634586 
77.5 0.711206 0.00638308 0.638431 0.00653249 0.626008 0.00660989 0.580557 0.00672353 
78.5 0.693391 0.00667033 0.624512 0.00672457 0.599503 0.00680854 0.554697 0.00692386 
79.5 0.686437 0.00694423 0.62797 0.0068947 0.599987 0.00686947 0.556469 0.00695658 
80.5 0.691199 0.00698623 0.622135 0.00701697 0.586794 0.00705015 0.53811 0.00713428 
81.5 0.65471 0.00742664 0.586169 0.00737592 0.55325 0.00748776 0.509467 0.00748197 
82.5 0.636736 0.00775696 0.574874 0.00766055 0.535301 0.00771981 0.4928 0.00773255 
83.5 0.595828 0.00815887 0.533133 0.0080092 0.489554 0.00802282 0.449875 0.0079404 
84.5 0.579487 0.00850051 0.515443 0.00830417 0.477187 0.00822972 0.431322 0.00811874 
85.5 0.553863 0.00886082 0.496043 0.00859559 0.453292 0.00842853 0.40998 0.00827207 
86.5 0.507646 0.00930015 0.448496 0.00893444 0.410711 0.00881544 0.368483 0.00859411 
87.5 0.472801 0.00958702 0.418749 0.00917198 0.377649 0.00899753 0.338813 0.00880271 
88.5 0.418262 0.0099502 0.369156 0.00948174 0.333158 0.0092221 0.300002 0.00890409 
89.5 0.366568 0.0102058 0.324545 0.00971577 0.289162 0.00940275 0.258027 0.00913002 
90.5 0.305092 0.0103913 0.263366 0.00979361 0.232032 0.0093215 0.206026 0.00890972 
91.5 0.244388 0.0105379 0.210027 0.00987672 0.182838 0.0094065 0.160595 0.00899555 
92.5 0.192847 0.0106995 0.164277 0.00985044 0.139532 0.00920975 0.119686 0.00873766 
93.5 0.147057 0.0110739 0.126366 0.0102786 0.112722 0.00967998 0.0970815 0.00900251 
94.5 0.0876316 0.0109177 0.0742412 0.0100434 0.0638782 0.00959681 0.0553375 0.00928518 
95.5 0.0457109 0.0120549 0.0394474 0.010591 0.0328171 0.00907462 0.0266011 0.00765139 
96.5 0.0236971 0.0151956 0.0190739 0.0152454 0.0153032 0.0136038 0.0120656 0.0112034 
97.5 0 0 0 0 0 0 0 0 
98.5 0 0 0 0 0 0 0 0 
99.5 0 0 0 0 0 0 0 0 
