0.5 -0.786705 0.0446552 -0.000433477 0.000100403 0.8157 0.172108 -0.585978 0.0757222 -0.000133399 6.63157e-05 1.12876 0.170477 -0.618906 0.0486733 -0.000277434 8.30016e-05 1.2544 0.0812925 -0.578199 0.0667262 -0.000378485 0.000169459 1.22158 0.128991 
1.5 -0.754638 0.038324 -0.000411741 8.42967e-05 0.978212 0.0674564 -0.540464 0.09206 -0.000113821 7.27862e-05 1.24132 0.2379 -0.632132 0.0496602 -0.000347323 0.000106832 1.15471 0.0727894 -0.6139 0.0577583 -0.00049984 0.000184199 1.15056 0.0957285 
2.5 -0.799068 0.0342079 -0.000502894 8.81517e-05 0.940358 0.0649686 -0.6113 0.0576666 -0.000178406 6.51812e-05 1.20282 0.103534 -0.638453 0.0530602 -0.000340583 0.00011104 1.12033 0.0862524 -0.584845 0.0648954 -0.000402505 0.000172009 1.23475 0.131549 
3.5 -0.743133 0.0393763 -0.000439934 9.18195e-05 1.02478 0.0749926 -0.64609 0.0469285 -0.000235959 6.61505e-05 1.18038 0.0715734 -0.631043 0.0590738 -0.000360716 0.000133026 1.05686 0.10684 -0.597054 0.0570756 -0.000455917 0.000168261 1.25431 0.100547 
4.5 -0.710537 0.0487743 -0.000413862 0.000112582 0.964853 0.11971 -0.70119 0.0453467 -0.000366569 9.38288e-05 1.03421 0.0812687 -0.589469 0.0784503 -0.000338846 0.000173345 1.00555 0.211333 -0.594406 0.0603109 -0.000528 0.000207396 1.2218 0.112193 
5.5 -0.749967 0.0347185 -0.000609813 0.000111605 1.03605 0.0480929 -0.692842 0.0488976 -0.000338099 9.46445e-05 0.994608 0.104593 -0.702855 0.0467274 -0.000707926 0.000188475 0.972399 0.0932609 -0.597674 0.0607855 -0.000541985 0.00021552 1.17154 0.104596 
6.5 -0.735121 0.0404626 -0.000572111 0.000125613 1.00577 0.0720751 -0.634155 0.0515047 -0.000233389 7.36083e-05 1.1667 0.0860525 -0.624939 0.0540016 -0.000427769 0.000143729 1.17405 0.090931 -0.584111 0.0599037 -0.00048024 0.00019131 1.24755 0.10555 
7.5 -0.72033 0.0413498 -0.000648485 0.000146301 1.05423 0.0689378 -0.677522 0.0478079 -0.000365559 0.000101058 1.08705 0.0819731 -0.662175 0.0537611 -0.000603398 0.000191777 1.07136 0.104438 -0.499808 0.0959985 -0.000304576 0.000226644 1.37844 0.232881 
8.5 -0.595309 0.0586966 -0.000333048 0.00012628 1.26927 0.108706 -0.63446 0.0538584 -0.000315693 0.000103678 1.179 0.0935006 -0.696496 0.0413797 -0.000847142 0.000197195 1.08604 0.0616622 -0.550547 0.0736479 -0.000480238 0.000247666 1.31978 0.15882 
9.5 -0.629469 0.0570153 -0.000525608 0.000185771 1.12534 0.103247 -0.727719 0.0427179 -0.000592339 0.000140443 0.957566 0.081407 -0.642539 0.0533419 -0.000608276 0.00019765 1.10919 0.0936647 -0.596497 0.0538906 -0.000719888 0.000250096 1.27171 0.0925785 
10.5 -0.378857 0.318737 -8.08772e-05 0.000183519 1.83834 3.4434 -0.647087 0.0567245 -0.000408267 0.000138441 1.10389 0.119878 -0.676625 0.0467349 -0.000912455 0.000248503 1.07563 0.0737263 -0.673001 0.0414235 -0.00129864 0.000306886 1.15523 0.0590348 
11.5 -0.550783 0.071877 -0.000347195 0.000174811 1.34959 0.153841 -0.708933 0.0573025 -0.000585252 0.000185735 0.857436 0.218594 -0.648253 0.0552576 -0.000793244 0.000261239 1.11611 0.113598 -0.519651 0.082284 -0.000473655 0.000289362 1.41084 0.198111 
12.5 -0.485441 0.128122 -0.000243044 0.000226331 1.42403 0.440915 -0.565568 0.0688708 -0.000237619 0.000111134 1.30329 0.145863 -0.655114 0.0491789 -0.00086588 0.00025418 1.11844 0.0803415 -0.234502 1.72136 -1.978e-05 0.000277061 2.98763 24.9975 
13.5 0.461963 0.100464 0.000262001 0.000234918 -1.44002 0.379721 -0.703917 0.0427359 -0.00068771 0.000166089 1.03889 0.0640581 -0.624967 0.0604322 -0.000804072 0.00030149 1.15317 0.11599 -0.569117 0.0680387 -0.000793577 0.000363189 1.27194 0.146282 
14.5 0.501359 0.0770988 0.000366493 0.000233618 -1.29273 0.270175 -0.667152 0.0535916 -0.000631593 0.00019623 1.07431 0.119683 -0.525988 0.0790245 -0.000443647 0.000257307 1.40973 0.185635 -0.358471 0.223286 -0.000147314 0.000351678 2.00747 1.23177 
15.5 0.568693 0.0488218 0.000636949 0.000232566 -1.10861 0.175207 -0.63362 0.07508 -0.000493537 0.000224329 0.916259 0.2645 -0.469758 0.109342 -0.000312325 0.000278424 1.58535 0.34666 -0.485016 0.104186 -0.000498953 0.000406713 1.49626 0.307952 
16.5 0.568283 0.0508346 0.000754935 0.000285406 -1.05963 0.191392 -0.516602 0.0823389 -0.000248575 0.000153182 1.41372 0.197631 -0.511035 0.0875594 -0.000455965 0.000302019 1.39322 0.211593 0.474992 0.0890822 0.000471879 0.000365926 -1.41865 0.328364 
17.5 0.595773 0.0409416 0.00109782 0.000323751 -0.937757 0.202985 -0.603607 0.066128 -0.000529464 0.000225107 1.12905 0.134006 -0.498594 0.103932 -0.000454561 0.000361693 1.38998 0.275235 0.438469 0.117217 0.000374884 0.000412558 -1.46339 0.472536 
18.5 0.673488 0.0252333 0.00200122 0.000349368 0.701412 0.268068 -0.560034 0.0699961 -0.000456934 0.000221912 1.26587 0.136209 0.346691 0.227821 0.000123038 0.000332212 -2.04452 1.39958 0.449989 0.105172 0.000497314 0.000485345 -1.53878 0.408272 
19.5 0.609485 0.037287 0.00150443 0.000402824 -0.967992 0.168314 -0.51016 0.0913481 -0.000340274 0.000234316 1.4078 0.23034 -0.417704 0.149033 -0.000282262 0.000388365 1.73814 0.586764 0.530851 0.061108 0.00102688 0.000496445 -1.25524 0.209608 
20.5 0.683736 0.023831 0.0026457 0.000436528 0.742108 0.180139 -0.598612 0.0571096 -0.000678173 0.000249234 1.25314 0.1034 -0.499346 0.0868624 -0.000607925 0.000409185 1.48559 0.227374 0.541774 0.0579641 0.00118579 0.000533128 -1.19259 0.199173 
21.5 0.711585 0.0196014 0.00329218 0.000445164 0.883159 0.0414913 -0.389494 0.239163 -0.000134891 0.000281544 1.67302 1.18115 0.325867 0.288081 0.000114416 0.000429839 -2.0637 1.86312 0.524677 0.0603093 0.00102597 0.00049684 -1.29778 0.208494 
22.5 0.6944 0.0222556 0.00363798 0.000550213 0.868505 0.0568736 -0.552799 0.0715354 -0.000557988 0.000278602 1.32705 0.151661 0.448448 0.0995141 0.000491592 0.000450547 -1.62882 0.411535 0.495361 0.0750256 0.000914464 0.000576458 -1.39116 0.269101 
23.5 0.720899 0.0182479 0.00446401 0.000565466 0.899958 0.0325636 -0.576975 0.0717382 -0.000737947 0.000355646 1.19561 0.143337 0.583299 0.0439068 0.00146124 0.000472145 -1.05162 0.167821 0.547896 0.0524523 0.0015345 0.000626754 -1.23201 0.177787 
24.5 0.763654 0.0140457 0.00584261 0.000584436 0.941249 0.0135715 -0.451825 0.134957 -0.000312109 0.000350732 1.49765 0.435686 0.492872 0.0797893 0.000826922 0.000553315 -1.30856 0.286579 0.56939 0.0461879 0.00175054 0.000609328 -1.12648 0.163945 
25.5 0.729312 0.0173691 0.00488581 0.000591009 0.909589 0.0272306 -0.434266 0.139427 -0.000267642 0.000330681 1.57228 0.465384 0.582396 0.0437757 0.00183712 0.000591806 -1.04309 0.172475 0.628864 0.0337598 0.00292311 0.000694391 -0.861927 0.202922 
26.5 0.752651 0.015305 0.00640162 0.000694383 0.922399 0.0195888 -0.350633 0.26443 -0.00013947 0.000388022 2.00683 1.57132 0.588021 0.0420485 0.00205641 0.000637571 -1.0767 0.155662 0.574002 0.0439493 0.00243025 0.00080666 -1.14188 0.153419 
27.5 0.785328 0.0132375 0.00818551 0.000728424 0.974971 0.00731563 0.443611 0.117799 0.000382805 0.000421966 -1.43351 0.453042 0.59308 0.0422047 0.00211434 0.000643136 -0.948025 0.204423 0.598948 0.0399701 0.00276065 0.00079752 -0.98666 0.169896 
28.5 0.73323 0.0173852 0.00658672 0.000798707 0.901612 0.0288726 0.0560084 6.81982 1.00431e-07 0.000420884 -12.6785 530.002 0.591186 0.0405222 0.00228587 0.000682832 -1.06537 0.150376 0.600406 0.0389562 0.00286295 0.000812491 -1.0329 0.152951 
29.5 0.781865 0.012303 0.00959294 0.000885016 0.938666 0.0122798 0.298489 0.352124 8.353e-05 0.000403281 -2.46288 2.96561 0.618409 0.0333873 0.00305901 0.00074674 -1.01644 0.133049 0.642591 0.0298746 0.00402253 0.000848824 -0.829843 0.213093 
30.5 0.77871 0.0127327 0.00920638 0.000852132 0.948264 0.0108178 -0.275039 0.863165 -6.40058e-05 0.000449723 2.57796 10.1522 0.627759 0.0328518 0.00324607 0.000756113 -0.876882 0.192963 0.582898 0.0428575 0.00285556 0.000906935 -1.08129 0.159203 
31.5 0.758516 0.0150178 0.0082751 0.000879955 0.925741 0.0177456 0.515134 0.064269 0.000878984 0.000460049 -1.32339 0.224137 0.610264 0.0353779 0.00288862 0.000740968 -0.982091 0.15739 0.670774 0.0244751 0.00537923 0.000921293 0.695339 0.282814 
32.5 0.777859 0.0125395 0.0108255 0.00101572 0.93616 0.0131879 0.519644 0.0626687 0.00105221 0.000531814 -1.28804 0.219275 0.636929 0.0300306 0.00419211 0.000908129 -0.933438 0.146291 0.657966 0.026416 0.0055862 0.00105685 -0.825288 0.187021 
33.5 0.773002 0.0131699 0.0108586 0.00104075 0.940908 0.0126094 0.514252 0.0696313 0.00106486 0.000599357 -1.24476 0.243972 0.691179 0.0227279 0.00591339 0.000925714 0.809507 0.0976312 0.697566 0.0208419 0.00741447 0.00109111 0.792511 0.104871 
34.5 0.781815 0.0122568 0.0117555 0.00107299 0.943862 0.0112321 0.548802 0.0538886 0.00147468 0.000611507 -1.17036 0.186473 0.644091 0.0295107 0.00469766 0.000981841 -0.841853 0.196573 0.690322 0.0224359 0.00737995 0.00115141 0.785207 0.11972 
35.5 0.78991 0.0114755 0.0134064 0.00116864 0.947907 0.00968006 0.55805 0.0513436 0.00163926 0.000639489 -1.14388 0.178754 0.695391 0.0213415 0.00668411 0.001013 0.725363 0.187022 0.726355 0.0170623 0.00917635 0.00113572 0.859737 0.0463595 
36.5 0.794941 0.0110156 0.014583 0.00120994 0.959607 0.00754125 0.682095 0.0230099 0.0037827 0.000613489 0.684862 0.281393 0.713358 0.0185746 0.00794068 0.00105675 0.83556 0.0630556 0.733041 0.0164107 0.0103566 0.00123005 0.882105 0.0355484 
37.5 0.817214 0.00950643 0.0197542 0.00146381 0.968328 0.00523533 0.658975 0.0260069 0.00423624 0.000779515 -0.665396 0.462503 0.725678 0.0171645 0.0105476 0.00129785 0.877671 0.0388013 0.751359 0.0146605 0.0134216 0.00142457 0.921562 0.019223 
38.5 0.799507 0.0107569 0.0172845 0.00141648 0.958298 0.007495 0.669959 0.02501 0.00447772 0.000778499 0.714531 0.242811 0.739988 0.0159031 0.0107815 0.00122356 0.910343 0.0243731 0.749891 0.0148139 0.0134896 0.00147494 0.898171 0.0261714 
39.5 0.804314 0.010719 0.0179331 0.00143761 0.964086 0.00652851 0.665405 0.0261273 0.00466705 0.000852552 -0.551745 1.21265 0.721156 0.0178352 0.00947706 0.00119754 0.87887 0.0398086 0.710778 0.0186518 0.0106017 0.00144913 0.759972 0.12254 
40.5 0.821764 0.00918838 0.0211305 0.00155508 0.964816 0.00540188 0.625795 0.0320029 0.00388263 0.000903363 -0.984292 0.134844 0.739582 0.0159672 0.0120951 0.00139681 0.891832 0.0305797 0.748651 0.0148102 0.0142666 0.00156097 0.898431 0.0261354 
41.5 0.812856 0.00992115 0.0215634 0.0016773 0.959748 0.00662816 0.671559 0.0245615 0.00584488 0.00101777 -0.643142 0.503512 0.738799 0.0160683 0.0125895 0.00148072 0.871396 0.0381544 0.762589 0.0137739 0.0160753 0.00163971 0.918816 0.018651 
42.5 0.810822 0.00982065 0.0223181 0.00175005 0.956263 0.00701707 0.661315 0.0263525 0.00578122 0.00107315 -0.688503 0.395197 0.729502 0.0168885 0.0118866 0.00145955 0.858468 0.0455069 0.737112 0.016075 0.0138351 0.00164405 0.856967 0.0442433 
43.5 0.823952 0.00891297 0.026616 0.00191366 0.967547 0.00488977 0.695784 0.0208373 0.00744376 0.00109311 0.807657 0.0923573 0.736875 0.0157852 0.014191 0.00165944 0.867748 0.0388928 0.769647 0.0128419 0.01933 0.00189219 0.919664 0.0170695 
44.5 0.826336 0.00871252 0.0276824 0.00198174 0.965685 0.00501909 0.684112 0.0229707 0.00757742 0.00122446 0.690007 0.26401 0.765669 0.0131596 0.0178081 0.00176879 0.919987 0.0171885 0.769948 0.0127523 0.0194932 0.00189522 0.922135 0.0163173 
45.5 0.810407 0.00985116 0.0251334 0.00198622 0.953991 0.00741352 0.676483 0.0232885 0.0076941 0.0012783 -0.471173 11.8968 0.758474 0.0142624 0.0178437 0.00189872 0.89876 0.024663 0.756511 0.0142132 0.0184434 0.00195196 0.904203 0.0231016 
46.5 0.825826 0.00886097 0.0291676 0.00213939 0.960527 0.00568891 0.723548 0.0171139 0.0107396 0.00133019 0.86618 0.0435823 0.768489 0.013011 0.0186176 0.00183745 0.918839 0.0175165 0.767199 0.013251 0.0196702 0.00197234 0.913911 0.018923 
47.5 0.832818 0.00818441 0.0323975 0.00223153 0.968167 0.00443986 0.78348 0.0122394 0.0164314 0.00146086 0.956516 0.00873056 0.790952 0.0113959 0.0228629 0.00200023 0.944033 0.0103335 0.801053 0.0105373 0.0254435 0.00209589 0.95191 0.00818972 
48.5 0.830946 0.00845665 0.0356941 0.00252586 0.964553 0.00502249 0.763386 0.0134416 0.0160929 0.00161224 0.923009 0.017181 0.807784 0.0100319 0.0270527 0.00216096 0.953602 0.00757082 0.793818 0.0110302 0.0263993 0.00230111 0.937514 0.0111598 
49.5 0.841647 0.00777435 0.0383653 0.00256396 0.968777 0.00414117 0.743287 0.0151938 0.014401 0.00160788 0.896005 0.0275666 0.798662 0.010726 0.0266536 0.00225255 0.944857 0.00955254 0.791147 0.0111738 0.0249768 0.00215971 0.94556 0.0099222 
50.5 0.848836 0.00738633 0.0424007 0.00271275 0.972746 0.00354885 0.787748 0.011349 0.0198474 0.00175893 0.937952 0.0113902 0.813085 0.00945832 0.0310685 0.00242667 0.951761 0.00734964 0.797087 0.0105223 0.0279147 0.00236406 0.941008 0.00998588 
51.5 0.84038 0.00777088 0.0425123 0.00285867 0.967695 0.00426524 0.784503 0.0116507 0.0207545 0.00184311 0.944632 0.0104723 0.812806 0.0095908 0.0308303 0.00238212 0.957559 0.00665925 0.818257 0.00928257 0.0311211 0.00235346 0.958744 0.00626203 
52.5 0.853227 0.00707448 0.0455458 0.00285929 0.972794 0.00339217 0.770784 0.0125207 0.0209563 0.00201086 0.92502 0.0155987 0.801715 0.0103587 0.0306762 0.00253734 0.94696 0.00897784 0.792772 0.0109769 0.0296727 0.002588 0.936684 0.0113893 
53.5 0.854462 0.00697287 0.0490985 0.0030358 0.974563 0.00317222 0.784431 0.0117196 0.0232209 0.00210503 0.934687 0.0123535 0.810071 0.00969678 0.032334 0.00256777 0.950031 0.00782076 0.82127 0.00897458 0.0353441 0.00265921 0.955488 0.00654687 
54.5 0.851951 0.00711071 0.0497205 0.00313257 0.972732 0.00341146 0.787649 0.0113477 0.0233466 0.00205906 0.940571 0.011015 0.795513 0.010727 0.0283265 0.0024407 0.936949 0.0109377 0.803147 0.0103727 0.0298796 0.0024886 0.943532 0.0094561 
55.5 0.857215 0.00687418 0.0547194 0.00335782 0.974474 0.00313809 0.788673 0.0113242 0.026002 0.00230326 0.937248 0.0115085 0.815924 0.00922458 0.0340588 0.00261086 0.95426 0.00683553 0.810789 0.00970869 0.0317295 0.00251208 0.951101 0.00772809 
56.5 0.850912 0.00705825 0.0531164 0.00336048 0.971797 0.00346025 0.81586 0.00919319 0.0331856 0.00254613 0.953569 0.00689375 0.826077 0.00855021 0.0379847 0.00273763 0.962071 0.00536832 0.817764 0.00925701 0.0341367 0.00259336 0.957079 0.00644619 
57.5 0.858127 0.00670075 0.0582214 0.00353875 0.974707 0.00303293 0.808382 0.0098332 0.0321484 0.00257546 0.949277 0.00811097 0.815477 0.00947664 0.0363377 0.0028473 0.949943 0.0075806 0.783738 0.0118401 0.0269792 0.00253294 0.915579 0.0164835 
58.5 0.860361 0.00664447 0.0645954 0.00392148 0.973928 0.00302305 0.82065 0.00890531 0.0371096 0.00274562 0.960201 0.00587122 0.819857 0.00894334 0.0396965 0.00298527 0.955747 0.00647083 0.800479 0.0102938 0.0316351 0.002617 0.946362 0.00899943 
59.5 0.865271 0.00629197 0.0697247 0.00410369 0.975575 0.00273769 0.828081 0.00838676 0.0409051 0.00290066 0.964183 0.00506192 0.827418 0.00853052 0.0429485 0.00310232 0.960766 0.00556491 0.80692 0.00989187 0.0335303 0.00270084 0.948552 0.00816579 
60.5 0.863484 0.00660138 0.0738182 0.00450589 0.971843 0.00324911 0.824316 0.00875727 0.0401898 0.00296208 0.958372 0.00593666 0.829738 0.00871053 0.0446517 0.00327585 0.957422 0.00604561 0.78651 0.0118341 0.0297017 0.00275769 0.921414 0.0151747 
61.5 0.874374 0.00584953 0.0760987 0.00424293 0.978854 0.00230681 0.840264 0.007652 0.0464241 0.00309459 0.968674 0.00401813 0.826645 0.00848851 0.0419255 0.00302561 0.96082 0.00545694 0.78907 0.0112262 0.0301047 0.00269389 0.92936 0.0127609 
62.5 0.873537 0.00601586 0.0851683 0.00485267 0.976868 0.00256918 0.830854 0.00828545 0.042502 0.00298846 0.964505 0.00494132 0.81469 0.00941058 0.0407266 0.00319985 0.948311 0.00782823 0.785392 0.0117351 0.0287911 0.00267318 0.919706 0.0154854 
63.5 0.869833 0.0061571 0.0830678 0.00482241 0.975771 0.0027015 0.824703 0.00878837 0.0468667 0.00349711 0.954732 0.00647851 0.800382 0.0104313 0.0388913 0.00332305 0.933636 0.0112257 0.772105 0.0128503 0.0290222 0.00291092 0.898146 0.0224776 
64.5 0.872644 0.00615996 0.087021 0.00506085 0.974809 0.00280635 0.830988 0.00850843 0.0467329 0.00338299 0.958726 0.0057796 0.824285 0.00896821 0.0437452 0.00329711 0.953789 0.00678317 0.79088 0.011294 0.0302794 0.00272849 0.925832 0.0137785 
65.5 0.88482 0.00544066 0.0994834 0.00528254 0.980646 0.00206813 0.842939 0.00760916 0.0544342 0.00364641 0.966365 0.0043206 0.807791 0.00995759 0.0409004 0.00336928 0.939762 0.00970094 0.781116 0.0121788 0.0299622 0.00288061 0.908383 0.0187843 
66.5 0.878022 0.00582626 0.0961728 0.00537784 0.977424 0.00246375 0.829309 0.00859005 0.0495049 0.00359789 0.959016 0.00580753 0.806078 0.0103167 0.0400084 0.00336653 0.936671 0.0105712 0.755322 0.0144542 0.0244093 0.00270901 0.858245 0.039161 
67.5 0.873365 0.00633882 0.0971208 0.005751 0.972832 0.00310612 0.817153 0.00939684 0.0457476 0.00357702 0.949038 0.00788508 0.796591 0.0110243 0.0381169 0.00340033 0.923411 0.0138922 0.719343 0.0180323 0.0189333 0.00256861 0.643722 0.303419 
68.5 0.872882 0.00630035 0.0961876 0.00567194 0.973397 0.00302987 0.820638 0.00918853 0.0472791 0.00364862 0.949758 0.0075071 0.784973 0.0118113 0.0345699 0.00325527 0.912127 0.0173058 0.703103 0.0200331 0.016309 0.00243435 -0.697233 0.276786 
69.5 0.872916 0.00630602 0.0977374 0.00577564 0.973077 0.00307996 0.804517 0.010344 0.0424851 0.00361224 0.9328 0.011321 0.772466 0.0129766 0.031193 0.00317951 0.886768 0.0259525 0.666352 0.0250303 0.0122905 0.00229646 -0.962298 0.108498 
70.5 0.86509 0.0068847 0.0959142 0.00605037 0.967266 0.00393568 0.814924 0.00984784 0.0482565 0.00393478 0.93973 0.00969888 0.767814 0.0137555 0.0315886 0.00338514 0.863139 0.0352605 0.677139 0.024034 0.0138054 0.00246943 -0.933134 0.112407 
71.5 0.865922 0.00681283 0.095872 0.00598604 0.968511 0.00377586 0.788389 0.0117209 0.0398584 0.00373397 0.91174 0.0174272 0.717962 0.0186075 0.0212546 0.00297966 -0.556474 0.778415 0.578516 0.0435751 0.00674963 0.00229464 -1.2886 0.139911 
72.5 0.866393 0.00698486 0.100746 0.00638323 0.966797 0.00408646 0.788697 0.0119693 0.0417174 0.00398022 0.904488 0.0195408 0.729666 0.0174247 0.0236488 0.00311493 0.680122 0.217016 0.587545 0.0414676 0.00734508 0.00235651 -1.26042 0.132891 
73.5 0.858736 0.00756946 0.0983743 0.00662133 0.960456 0.00515188 0.761037 0.014535 0.0340602 0.00382887 0.836689 0.0487229 0.691244 0.0226709 0.0183377 0.00310567 -0.905755 0.1146 0.467566 0.0902951 0.0027036 0.00219663 -1.69053 0.368075 
74.5 0.834781 0.00937048 0.0832665 0.0065903 0.937986 0.00968857 0.753063 0.0157109 0.0322961 0.00389183 0.776927 0.0888041 0.65892 0.0273919 0.0144409 0.00296749 -1.04409 0.100381 -0.449672 0.110713 -0.00204318 0.00192945 1.84492 0.420016 
75.5 0.823023 0.0100356 0.0721558 0.00600644 0.930509 0.0117011 0.717357 0.0195178 0.0251721 0.00369644 -0.749343 0.196883 0.522568 0.0630714 0.00507105 0.00265588 -1.49543 0.220601 -0.631984 0.0451864 -0.00758487 0.00185219 1.38236 0.0791034 
76.5 0.826065 0.0099687 0.0773647 0.00642602 0.92935 0.0117915 0.723127 0.0188513 0.0264614 0.00376775 -0.695435 0.263591 0.564993 0.049494 0.0071103 0.00278812 -1.36947 0.160218 -0.57669 0.0581781 -0.00507586 0.00183633 1.49515 0.126949 
77.5 0.795252 0.012718 0.0621311 0.00625745 0.875578 0.0292086 0.633967 0.0323245 0.0137226 0.00334326 -1.1361 0.107092 -0.493431 0.0860211 -0.0034777 0.00228029 1.70495 0.267007 -0.756788 0.0304386 -0.0126524 0.00152645 1.20223 0.035486 
78.5 0.739652 0.0185472 0.0419192 0.00586689 -0.699934 0.250898 0.401844 0.15303 0.00198845 0.00311919 -2.0387 0.82195 -0.681752 0.0386091 -0.0110909 0.00203288 1.3106 0.0568697 -0.859193 0.0249434 -0.0174081 0.00133625 1.10242 0.0231827 
79.5 0.6939 0.0248689 0.0303477 0.00561317 -0.994467 0.0986953 -0.286417 0.450152 -0.000493577 0.00302642 2.92223 4.61582 -0.726951 0.034326 -0.0131393 0.00189118 1.25664 0.0439873 -0.864561 0.0254177 -0.0171803 0.00129029 1.10723 0.0233365 
80.5 0.653749 0.0316787 0.0229917 0.00544376 -1.13769 0.102959 -0.584891 0.0576714 -0.00796551 0.00277967 1.49889 0.123722 -0.797986 0.0288692 -0.0175484 0.00173767 1.17682 0.0304405 -0.925021 0.0234169 -0.0206285 0.00123713 1.05659 0.0198658 
81.5 -0.365299 0.232309 -0.00175668 0.0043679 2.35545 1.45559 -0.802399 0.0290882 -0.0204102 0.00201057 1.17641 0.0302255 -0.944854 0.0228219 -0.0245121 0.0013388 1.04246 0.0188478 -1.06244 0.0212077 -0.0237903 0.00113836 0.947068 0.0179965 
82.5 -0.641726 0.0490277 -0.0145859 0.00373725 1.41478 0.0863861 -0.881711 0.0254416 -0.0274619 0.00183496 1.10667 0.0224398 -0.999316 0.0222984 -0.0286418 0.00130031 1.00899 0.0177357 -1.09701 0.0215297 -0.0270546 0.00120471 0.93021 0.0184013 
83.5 -0.774066 0.0333229 -0.0260923 0.00314269 1.23027 0.0377928 -0.954526 0.0231895 -0.0300401 0.00156882 1.04277 0.0186259 -1.08972 0.0214572 -0.0302375 0.00131434 0.936634 0.0180303 -1.17694 0.0215582 -0.0262852 0.00127365 0.858276 0.0226114 
84.5 -0.872228 0.0279653 -0.0343129 0.00252675 1.13622 0.024865 -1.03029 0.0225047 -0.032724 0.00143412 0.990658 0.0172838 -1.15984 0.0215066 -0.0284908 0.00135939 0.874122 0.0211128 -1.25279 0.0223079 -0.0233476 0.00129752 0.767499 0.0358648 
85.5 -0.979065 0.0245282 -0.0429921 0.00191689 1.04855 0.0185114 -1.10895 0.0224365 -0.0339745 0.0014171 0.935146 0.0178465 -1.23659 0.0223632 -0.0284457 0.0014764 0.800988 0.0291352 -1.32292 0.0231894 -0.0217761 0.00138007 0.584174 0.137395 
86.5 -1.0618 0.0235917 -0.0462106 0.00164716 0.988609 0.0170031 -1.18666 0.0224447 -0.0350773 0.00152373 0.870773 0.0210092 -1.30561 0.0232808 -0.0264357 0.0015175 0.69506 0.0563334 -1.39194 0.0249586 -0.0203297 0.00138944 -0.647711 0.0768817 
87.5 -1.20997 0.0237732 -0.0480253 0.00178958 0.87618 0.0203363 -1.33314 0.0244139 -0.0340871 0.00183845 0.689509 0.057704 -1.44535 0.0262155 -0.0254882 0.00176822 -0.722687 0.0445607 -1.53582 0.0286908 -0.0194199 0.00158439 -0.824286 0.0245377 
88.5 -1.31862 0.0256864 -0.045853 0.00195569 0.780192 0.0319887 -1.44014 0.0270758 -0.0296244 0.00185475 -0.653959 0.0723003 -1.5574 0.02989 -0.0199796 0.00160871 -0.826802 0.0245295 -1.65514 0.0329888 -0.0145741 0.00140888 -0.894628 0.0185214 
89.5 -1.448 0.028682 -0.0405179 0.0022458 -0.534713 0.19095 -1.57284 0.0309391 -0.0254459 0.00199276 -0.823869 0.0245091 -1.68829 0.0347824 -0.0174187 0.00169916 -0.901959 0.017811 -1.78961 0.0389611 -0.0123948 0.00141232 -0.947566 0.016191 
90.5 -1.62251 0.0341381 -0.0309818 0.00234718 -0.829382 0.0238774 -1.75963 0.0385127 -0.018857 0.00189325 -0.919558 0.0170313 -1.87494 0.0430051 -0.0123524 0.0014951 -0.969623 0.0158226 -1.96927 0.0485526 -0.00871158 0.00119178 -0.998846 0.0162605 
91.5 -1.87077 0.0468319 -0.0211936 0.00213522 -0.934207 0.0169704 -2.00378 0.053226 -0.011298 0.00142305 -0.986979 0.016091 -2.14835 0.0623384 -0.00670621 0.00104668 -1.03273 0.0166794 -2.27232 0.0705678 -0.00400175 0.000733187 -1.06694 0.0170482 
92.5 -2.08697 0.0616322 -0.0175457 0.00221027 -0.993196 0.0163148 -2.21748 0.0696291 -0.0104622 0.00160168 -1.03437 0.0169784 -2.37968 0.0813417 -0.00628878 0.00119811 -1.07882 0.0182986 -2.48465 0.0905461 -0.00421223 0.000922194 -1.10583 0.0189606 
93.5 -2.48992 0.0968108 -0.00771691 0.00147439 -1.08376 0.019037 -2.66925 0.115317 -0.0044161 0.00102007 -1.12175 0.0219118 -2.84073 0.135522 -0.00205162 0.000596428 -1.16463 0.0261779 -3.01695 0.161351 -0.00110568 0.000387734 -1.20167 0.0303428 
94.5 -4.21298 0.469985 -0.000853276 0.000481908 -1.31488 0.053568 -4.59078 0.602533 -0.000377241 0.000254279 -1.3554 0.0568557 -4.75866 0.744732 -0.000187828 0.000127038 -1.35946 0.0721089 -4.8609 0.879184 -9.6754e-05 6.49056e-05 -1.3613 0.0969098 
95.5 -4.19263 0.533723 -0.000708715 0.000339623 -1.2846 0.0538877 -4.56881 0.541266 -0.000295314 0.000217863 -1.37192 0.0605113 -4.97378 0.654723 -0.00014375 0.000128428 -1.4227 0.0860421 -4.96101 0.716072 -0.000125037 9.78023e-05 -1.3927 0.0692505 
96.5 -6.21814 nan -7.5703e-05 7.5703e-05 -1.45871 nan -6.21814 nan -5.97356e-06 5.97356e-06 -1.45871 nan -6.21814 nan -2.45902e-07 2.45902e-07 -1.45871 nan -6.21814 nan -1.11044e-08 1.11044e-08 -1.45871 nan 
97.5 -nan nan 0 0 -nan nan -nan nan 0 0 -nan nan -nan nan 0 0 -nan nan -nan nan 0 0 -nan nan 
98.5 -nan nan 0 0 -nan nan -nan nan 0 0 -nan nan -nan nan 0 0 -nan nan -nan nan 0 0 -nan nan 
99.5 -nan nan 0 0 -nan nan -nan nan 0 0 -nan nan -nan nan 0 0 -nan nan -nan nan 0 0 -nan nan 
