0.5 0.183413 0.00278974 0.183403 0.00250765 0.208528 0.00288753 0.241232 0.00328918 
1.5 0.188763 0.00280929 0.191112 0.00257464 0.215961 0.00300743 0.243562 0.00336592 
2.5 0.187407 0.00287565 0.189059 0.00260992 0.212778 0.00297141 0.242188 0.00330994 
3.5 0.194886 0.00287909 0.19183 0.00268807 0.21839 0.00303992 0.244742 0.00335986 
4.5 0.200737 0.00290813 0.197335 0.00284374 0.230165 0.00315109 0.255021 0.00349755 
5.5 0.209535 0.00310895 0.195716 0.00280759 0.232076 0.00334758 0.255289 0.0035056 
6.5 0.210383 0.00309262 0.194906 0.0027166 0.230125 0.00319477 0.253437 0.00346275 
7.5 0.221536 0.00322761 0.204087 0.00290401 0.236689 0.00334217 0.264314 0.00352292 
8.5 0.226926 0.00311322 0.210093 0.00292866 0.244946 0.00352065 0.268887 0.00363321 
9.5 0.240542 0.00334591 0.214377 0.00313724 0.244414 0.00341949 0.274605 0.003769 
10.5 0.250312 0.00326988 0.219672 0.00307973 0.256865 0.00365334 0.282069 0.00400425 
11.5 0.247835 0.00334895 0.219397 0.00317565 0.258885 0.00363144 0.283892 0.00380246 
12.5 0.257208 0.00341708 0.219526 0.00298039 0.261847 0.00368481 0.284387 0.00368283 
13.5 0.275403 0.00347901 0.230054 0.00332029 0.269443 0.00374068 0.294914 0.00400865 
14.5 0.275974 0.00345384 0.237621 0.00336355 0.27592 0.0037019 0.307332 0.00400662 
15.5 0.27935 0.00341785 0.235234 0.00327817 0.282995 0.0037473 0.308148 0.00409335 
16.5 0.291684 0.0035694 0.243057 0.00325294 0.285945 0.00382157 0.310292 0.00390869 
17.5 0.305529 0.00369325 0.251307 0.00345883 0.292854 0.00390219 0.317348 0.00402693 
18.5 0.314046 0.0036187 0.261065 0.00353806 0.303786 0.00389956 0.331861 0.00420212 
19.5 0.323132 0.00387904 0.266226 0.00355724 0.310309 0.00407308 0.337215 0.00418347 
20.5 0.331701 0.00379116 0.269581 0.00370304 0.314457 0.00419064 0.342518 0.00423369 
21.5 0.336623 0.00375309 0.276691 0.00361885 0.317382 0.00408073 0.341108 0.00424007 
22.5 0.353676 0.00400611 0.278028 0.00375931 0.332039 0.00420548 0.351051 0.0044003 
23.5 0.358556 0.00396063 0.28566 0.00389334 0.335189 0.00407538 0.361238 0.00445531 
24.5 0.362039 0.00380241 0.294175 0.00388245 0.344058 0.00431552 0.359239 0.00439401 
25.5 0.36251 0.00396895 0.294532 0.00387572 0.35548 0.00432385 0.369747 0.00439097 
26.5 0.375819 0.0040041 0.309932 0.00403779 0.362147 0.00439364 0.386811 0.00472209 
27.5 0.38301 0.00389801 0.315313 0.00399745 0.36156 0.00437622 0.382704 0.00461893 
28.5 0.388532 0.0042356 0.317844 0.00410983 0.369861 0.00448061 0.385264 0.00464641 
29.5 0.400273 0.00409538 0.320282 0.0041248 0.380294 0.00454321 0.391913 0.00461507 
30.5 0.397783 0.0040894 0.325207 0.0042171 0.38023 0.0045184 0.396579 0.00482263 
31.5 0.397629 0.00420476 0.334253 0.00416692 0.379888 0.00455848 0.403742 0.00466191 
32.5 0.414677 0.00426844 0.346593 0.00431497 0.399501 0.00472115 0.415504 0.00484264 
33.5 0.417602 0.00432921 0.351275 0.00438036 0.401207 0.00455711 0.420663 0.0047515 
34.5 0.421169 0.00430953 0.357074 0.00440258 0.406465 0.0047818 0.424582 0.00482613 
35.5 0.430775 0.00435215 0.360569 0.0044303 0.41118 0.00465328 0.426107 0.00467996 
36.5 0.437146 0.0043802 0.363585 0.00416111 0.418463 0.00465741 0.435187 0.00474515 
37.5 0.458753 0.00441444 0.387147 0.00450901 0.441616 0.00485382 0.453006 0.00483428 
38.5 0.453515 0.00450904 0.386114 0.00446112 0.435457 0.00471092 0.454466 0.00485863 
39.5 0.454976 0.00448549 0.392803 0.00455375 0.432653 0.00477781 0.451451 0.0050371 
40.5 0.46396 0.00442394 0.398887 0.00474543 0.448401 0.00485318 0.461637 0.00494283 
41.5 0.471428 0.00457484 0.411728 0.00475122 0.453394 0.00491161 0.466927 0.00491098 
42.5 0.476693 0.00464376 0.416962 0.00484816 0.452624 0.00495442 0.465277 0.00505004 
43.5 0.490211 0.00465325 0.422157 0.00477592 0.468392 0.00508525 0.48447 0.00504633 
44.5 0.493622 0.00466226 0.431274 0.00492767 0.477104 0.00499712 0.485299 0.00505284 
45.5 0.491315 0.00478991 0.437807 0.00503299 0.481871 0.00509576 0.48713 0.00516453 
46.5 0.500423 0.00473154 0.444918 0.00490106 0.480665 0.00501483 0.48814 0.00510192 
47.5 0.509422 0.00474428 0.456973 0.00466402 0.491624 0.0049585 0.498578 0.00494371 
48.5 0.52309 0.00489173 0.466567 0.00490195 0.502062 0.00491856 0.507782 0.00509737 
49.5 0.525841 0.00479833 0.46606 0.00502251 0.505913 0.00503724 0.50249 0.0050665 
50.5 0.534588 0.00479236 0.476474 0.00483051 0.51635 0.00500851 0.512805 0.0051196 
51.5 0.540322 0.00494537 0.48382 0.00493013 0.515534 0.00500332 0.513303 0.00492908 
52.5 0.541437 0.00479878 0.493624 0.00513346 0.522012 0.00517004 0.523529 0.00526453 
53.5 0.550902 0.00486668 0.49764 0.00507147 0.52347 0.00510657 0.527951 0.00503908 
54.5 0.554267 0.004929 0.496276 0.00503207 0.515705 0.00516225 0.517665 0.005114 
55.5 0.564216 0.0049473 0.50916 0.00515427 0.526511 0.00507917 0.520545 0.00507121 
56.5 0.564186 0.0050308 0.523145 0.00504732 0.534419 0.00505031 0.525627 0.00505235 
57.5 0.572426 0.00500671 0.523809 0.00512593 0.535399 0.00516937 0.517114 0.0052755 
58.5 0.585962 0.00509324 0.534827 0.00511119 0.54444 0.00521134 0.526857 0.00522931 
59.5 0.593874 0.00508945 0.54309 0.00511043 0.55019 0.00518456 0.530309 0.00520348 
60.5 0.603652 0.00520029 0.543169 0.00515196 0.554011 0.00519451 0.527826 0.00536154 
61.5 0.600686 0.00500548 0.55242 0.00505749 0.547394 0.0051667 0.52789 0.00534042 
62.5 0.618427 0.00516712 0.546484 0.00511153 0.551413 0.00533211 0.524479 0.0053369 
63.5 0.617195 0.00521707 0.564181 0.00534691 0.554837 0.00550786 0.534572 0.00554874 
64.5 0.622399 0.00521505 0.559514 0.0052318 0.554824 0.00526279 0.527444 0.0053203 
65.5 0.63472 0.00510481 0.573023 0.00521259 0.556715 0.0054538 0.532633 0.00545569 
66.5 0.634246 0.00522227 0.568782 0.00533798 0.554831 0.00545235 0.523307 0.00555641 
67.5 0.639193 0.00534347 0.565964 0.00544656 0.554682 0.00554223 0.515669 0.00570486 
68.5 0.638005 0.00534176 0.568219 0.00543033 0.549313 0.00559323 0.508262 0.005712 
69.5 0.640535 0.00536235 0.564318 0.0055612 0.544045 0.0056441 0.499677 0.00578838 
70.5 0.643294 0.00551576 0.575138 0.00555893 0.549069 0.00573365 0.506214 0.00581609 
71.5 0.642605 0.00549635 0.566747 0.00573967 0.531816 0.00589167 0.495455 0.00603622 
72.5 0.650267 0.00555405 0.573019 0.0058003 0.537438 0.0058815 0.498262 0.00604588 
73.5 0.65217 0.00569433 0.56449 0.00594913 0.53236 0.00604599 0.487689 0.00615274 
74.5 0.643495 0.00596617 0.562933 0.00599413 0.526097 0.00612706 0.472803 0.00623666 
75.5 0.629732 0.00598874 0.555258 0.00615501 0.51066 0.00635123 0.466961 0.00650128 
76.5 0.638442 0.00603314 0.557749 0.00614624 0.513959 0.00629707 0.462844 0.00630646 
77.5 0.627802 0.0062867 0.539875 0.00639117 0.492149 0.00654893 0.443168 0.0066034 
78.5 0.611753 0.00662001 0.525498 0.00670479 0.476009 0.00678681 0.422763 0.00679472 
79.5 0.601499 0.00681525 0.520404 0.0067507 0.465734 0.00681083 0.418757 0.00676012 
80.5 0.595637 0.00696157 0.510774 0.00697948 0.456104 0.00699149 0.4097 0.00697245 
81.5 0.560435 0.00730965 0.471054 0.00724382 0.418774 0.00725914 0.369653 0.00720915 
82.5 0.541544 0.00757186 0.461696 0.00756156 0.411668 0.00752328 0.369701 0.00748109 
83.5 0.519218 0.0078258 0.436152 0.00762969 0.382669 0.00768289 0.342116 0.00755974 
84.5 0.49344 0.00801637 0.412816 0.00778515 0.354223 0.00767941 0.31202 0.00751131 
85.5 0.465088 0.00833044 0.387147 0.00793589 0.332107 0.00784898 0.290376 0.00757241 
86.5 0.436661 0.0085094 0.364696 0.00814658 0.308839 0.00789605 0.271276 0.00765332 
87.5 0.386894 0.00887172 0.322309 0.00850309 0.276448 0.00828543 0.243064 0.00806074 
88.5 0.350931 0.00910532 0.288077 0.00858282 0.241404 0.00819839 0.209923 0.00792797 
89.5 0.309845 0.00931287 0.253933 0.008771 0.215183 0.00841812 0.186445 0.00810591 
90.5 0.258576 0.00942662 0.210594 0.00887653 0.177808 0.00842424 0.155138 0.00805914 
91.5 0.203953 0.00961968 0.162705 0.00873203 0.133203 0.00816926 0.110686 0.00757037 
92.5 0.174392 0.0101112 0.144226 0.00940138 0.118338 0.00885748 0.102533 0.00835992 
93.5 0.119035 0.00973741 0.0965764 0.00907707 0.0749194 0.00799159 0.060442 0.00729813 
94.5 0.040568 0.0100015 0.0303576 0.00920611 0.0246012 0.00810362 0.0204033 0.00705198 
95.5 0.0389163 0.00939547 0.0286925 0.00870431 0.0220148 0.00851081 0.0213152 0.0079403 
96.5 0.0150009 0.0149972 0.00795057 0.00794857 0.00358121 0.00358032 0.00165087 0.00165046 
97.5 0 0 0 0 0 0 0 0 
98.5 0 0 0 0 0 0 0 0 
99.5 0 0 0 0 0 0 0 0 
