0.5 0.000503231 0.000487945 -1.75198e-05 3.39947e-05 0.00221351 0.000538455 9.62243e-05 4.20564e-05 0.00418718 0.000791218 0.000139231 8.39754e-05 0.00845333 0.000986443 0.000476699 0.000143607 
1.5 0.000413829 0.000543128 -1.89929e-05 3.49646e-05 0.000373611 0.000656377 -8.80974e-05 5.72167e-05 0.00443568 0.000904957 0.000175808 0.000101057 0.00804091 0.00112587 0.000372372 0.000168127 
2.5 0.000178618 0.000601042 -5.02458e-05 4.26251e-05 0.00206968 0.000621957 1.96673e-05 5.30126e-05 0.00450912 0.000850741 0.000144317 9.77092e-05 0.0085441 0.00115454 0.000405582 0.000175202 
3.5 0.00201718 0.000583202 -1.37735e-05 5.2331e-05 0.00284164 0.000694959 -1.35632e-05 7.18373e-05 0.00591022 0.000914496 0.000281834 0.000117426 0.010263 0.00125793 0.000571973 0.000203833 
4.5 0.00275753 0.000685788 7.20446e-05 6.23519e-05 0.00355589 0.000767645 0.00017355 7.57607e-05 0.00626317 0.00103338 0.000289697 0.000138081 0.014145 0.0014847 0.00113078 0.000272129 
5.5 0.000683925 0.000774032 -4.76783e-05 6.2491e-05 0.00314147 0.000804097 0.000134591 8.12596e-05 0.00828004 0.00116845 0.00046493 0.000172302 0.0156587 0.00145212 0.00150428 0.000274279 
6.5 0.00153694 0.000825934 -5.16374e-06 7.48866e-05 0.00162676 0.000795684 -4.23117e-05 7.55313e-05 0.00723191 0.00119537 0.000229187 0.000172976 0.0152689 0.00155558 0.001367 0.00029537 
7.5 0.00272042 0.000744379 2.23704e-05 7.99164e-05 0.00202832 0.000841245 -0.000125628 9.41498e-05 0.00968155 0.00122581 0.000567807 0.000192331 0.0114846 0.00151125 0.000597835 0.000263825 
8.5 0.00459344 0.000880276 0.000206461 0.000101169 0.00446779 0.0009164 2.96111e-05 0.000112868 0.0117185 0.00136749 0.000829059 0.000233744 0.0189239 0.00169025 0.00197905 0.00035398 
9.5 0.00417723 0.000953847 0.000156967 0.000103638 0.00508044 0.000981345 5.70056e-05 0.00012373 0.011535 0.00141111 0.000775716 0.000239133 0.0185585 0.00179638 0.00176519 0.000374584 
10.5 0.00597647 0.00101914 0.000357552 0.000130186 0.00464507 0.00108192 8.47098e-05 0.000136953 0.0148061 0.0015506 0.00120124 0.000293308 0.0219714 0.00210257 0.00217036 0.000473822 
11.5 0.00589177 0.00112616 9.27324e-05 0.000156308 0.00841197 0.0011426 0.000480353 0.000166527 0.0191362 0.00174959 0.00197768 0.000367358 0.0229982 0.00211684 0.00248021 0.000485848 
12.5 0.00685824 0.00127787 0.000251092 0.000181265 0.00614919 0.00123852 0.000160326 0.000176187 0.0182851 0.00191115 0.00158338 0.000398054 0.0314966 0.00243436 0.00446944 0.00064838 
13.5 0.00851383 0.0014099 0.000489533 0.00021779 0.0113257 0.0015235 0.000770077 0.000263811 0.0196004 0.002022 0.00181401 0.000437935 0.0331952 0.00267728 0.00460147 0.000728231 
14.5 0.0139647 0.00158232 0.00128845 0.00029697 0.0141623 0.00158259 0.00113865 0.00029475 0.0287898 0.0023344 0.00388154 0.000591891 0.0426827 0.00292664 0.00732103 0.000890566 
15.5 0.0170533 0.00172105 0.00156276 0.000344746 0.0149285 0.00160701 0.00116277 0.000304033 0.0291028 0.00232667 0.00382997 0.000593641 0.0410519 0.00306861 0.00644686 0.000920686 
16.5 0.0183737 0.00184641 0.00188512 0.000385157 0.0151513 0.00172492 0.00122549 0.000334658 0.0281251 0.00236318 0.00368158 0.000596327 0.0438078 0.00309513 0.00750924 0.000961019 
17.5 0.0229815 0.0020439 0.00278423 0.000467425 0.0189669 0.00200189 0.00169756 0.000429904 0.0447956 0.00293323 0.00815946 0.000920824 0.0523338 0.00337069 0.010174 0.00114326 
18.5 0.0292495 0.00230473 0.00406795 0.000587878 0.0214735 0.00205205 0.0022216 0.000458854 0.0410046 0.00305676 0.0065173 0.000915813 0.0582166 0.0036675 0.0119403 0.00130338 
19.5 0.0335829 0.00258135 0.0049444 0.000707893 0.0281084 0.00233937 0.00377655 0.00059 0.0485217 0.00331059 0.00885907 0.0010788 0.0715315 0.00412475 0.0168049 0.00163121 
20.5 0.0367315 0.00276492 0.00570128 0.000788592 0.0280182 0.00246644 0.00349946 0.000622918 0.059506 0.0035816 0.012694 0.00129216 0.0755551 0.00435158 0.0181187 0.00177326 
21.5 0.0424466 0.00289295 0.00746871 0.000884961 0.0310634 0.00277139 0.00378828 0.000733763 0.057711 0.00371674 0.0116607 0.00131781 0.0708128 0.004391 0.0158956 0.0017318 
22.5 0.0474039 0.00326909 0.0085564 0.00105423 0.0408653 0.00316156 0.00639455 0.000944158 0.0705889 0.00433069 0.0159584 0.00170059 0.0888259 0.00496413 0.0232083 0.00219944 
23.5 0.0498162 0.00328189 0.00955491 0.00108758 0.0445214 0.00325367 0.00753833 0.00102198 0.0699606 0.00413918 0.0161159 0.00161168 0.0898783 0.00497684 0.0237109 0.00222209 
24.5 0.0590736 0.00381625 0.0121931 0.00137491 0.0448221 0.00346132 0.00728237 0.0010923 0.0831936 0.00479875 0.0208716 0.0020569 0.0994751 0.00513915 0.0282223 0.00240647 
25.5 0.0707503 0.00426077 0.0163617 0.00167218 0.0536048 0.00373956 0.0100929 0.00127763 0.0969874 0.00525523 0.0267273 0.00244384 0.106074 0.00562897 0.0306848 0.00273913 
26.5 0.0804062 0.00455419 0.0201794 0.0019078 0.0648806 0.00421185 0.013836 0.00157742 0.0959002 0.00536648 0.0259313 0.00247787 0.114658 0.00569831 0.0351409 0.00288344 
27.5 0.0836539 0.00458349 0.0217043 0.00196925 0.0683763 0.00425434 0.0153438 0.00164321 0.0997612 0.00547182 0.027716 0.00258528 0.121411 0.0060771 0.0381156 0.00316901 
28.5 0.0884738 0.0051374 0.023002 0.00227091 0.0800377 0.0050946 0.0188003 0.00213475 0.11558 0.00581191 0.0355366 0.0029428 0.136902 0.00635363 0.0465212 0.00352977 
29.5 0.110429 0.00585197 0.0328331 0.00289631 0.0796762 0.00520925 0.018384 0.00217425 0.136036 0.0064972 0.045787 0.00358727 0.140921 0.00665355 0.048318 0.00375179 
30.5 0.116397 0.00597237 0.0358984 0.00302698 0.0949129 0.0055731 0.0251614 0.00254312 0.140723 0.0066749 0.0482236 0.0037455 0.138391 0.00659997 0.0469251 0.00366707 
31.5 0.128591 0.00640083 0.0418706 0.00341425 0.104434 0.00604315 0.0290528 0.00290377 0.139748 0.00696891 0.046969 0.00391157 0.154205 0.00700809 0.0556918 0.00414019 
32.5 0.129834 0.00660955 0.0421561 0.00356486 0.115653 0.00633513 0.0345624 0.00320008 0.162381 0.00726878 0.0604219 0.00439484 0.172283 0.00736381 0.0665545 0.00460089 
33.5 0.146791 0.00692634 0.0516517 0.00396199 0.117579 0.0063882 0.0354791 0.00326339 0.158499 0.0069522 0.0586274 0.00415852 0.166258 0.00729888 0.0627041 0.0044856 
34.5 0.149361 0.00745575 0.0519709 0.00432641 0.133872 0.0069763 0.04357 0.00382568 0.156334 0.00743019 0.0561889 0.00443072 0.167104 0.00761862 0.0625706 0.00471199 
35.5 0.168836 0.00810913 0.0630217 0.00501459 0.152276 0.00775997 0.0530142 0.00455059 0.169374 0.00789535 0.0635675 0.0049079 0.177428 0.00766292 0.069264 0.00489438 
36.5 0.154685 0.00809911 0.0538116 0.00480197 0.144143 0.00763392 0.0482221 0.00436989 0.17263 0.0081222 0.0651533 0.00512208 0.182425 0.00805781 0.0717789 0.00523861 
37.5 0.173904 0.00862655 0.0650858 0.00543468 0.151598 0.00815747 0.0515531 0.00479743 0.167529 0.00804166 0.0620281 0.00499868 0.177825 0.0080557 0.0686969 0.00517058 
38.5 0.194572 0.00930137 0.0776188 0.00622283 0.155878 0.00814955 0.0542895 0.00486955 0.185917 0.00838453 0.0734695 0.00550416 0.167741 0.00783336 0.0625279 0.00487608 
39.5 0.187246 0.00947354 0.0721014 0.00621193 0.164648 0.00869697 0.0586531 0.00535312 0.174679 0.00863664 0.0653327 0.0054899 0.16475 0.00794592 0.0603049 0.0049046 
40.5 0.209704 0.0100047 0.0866966 0.00698167 0.166288 0.00866453 0.0598225 0.00536563 0.17625 0.00859493 0.0665042 0.00548487 0.164854 0.00812547 0.0599885 0.00502543 
41.5 0.198425 0.00997224 0.0786384 0.00678199 0.156713 0.00893869 0.0527478 0.00539963 0.172972 0.00888276 0.0635187 0.00565522 0.164032 0.00833763 0.0588922 0.0051681 
42.5 0.195664 0.0104212 0.0753886 0.00704738 0.163538 0.00919626 0.0564986 0.00568237 0.170856 0.00902462 0.0617255 0.00572057 0.154094 0.00829234 0.0525867 0.00498664 
43.5 0.192701 0.0107919 0.0721628 0.00726505 0.161256 0.0095935 0.053843 0.00590897 0.164171 0.00916127 0.0569181 0.00570099 0.147585 0.0082094 0.0486713 0.00484296 
44.5 0.199042 0.0113409 0.0750939 0.00778934 0.163349 0.00982453 0.0545819 0.00609611 0.160703 0.00922782 0.0544372 0.00568167 0.137914 0.00816044 0.042815 0.00465804 
45.5 0.186876 0.0115303 0.0656844 0.00769614 0.141718 0.00971115 0.0407177 0.00562708 0.141151 0.00912862 0.0421093 0.0052903 0.114387 0.00785609 0.0296366 0.0040908 
46.5 0.184566 0.0116758 0.0634949 0.00775989 0.138591 0.00967297 0.0388364 0.00555598 0.136168 0.00918613 0.0387835 0.00523504 0.109226 0.00788438 0.0265842 0.00402085 
47.5 0.185475 0.0119902 0.06311 0.00799084 0.135174 0.0100398 0.0354523 0.00570009 0.142935 0.00965774 0.0416318 0.00564996 0.10977 0.00826885 0.0257393 0.00423459 
48.5 0.151261 0.0116636 0.0402727 0.00704047 0.108958 0.00966812 0.0204874 0.00495894 0.104734 0.00887227 0.0208087 0.00446033 0.0801326 0.00750192 0.0118212 0.00331122 
49.5 0.118223 0.0115713 0.0187262 0.00623941 0.0884833 0.00968482 0.00829039 0.00453483 0.0752723 0.00843614 0.00585096 0.00365152 0.0576631 0.00710582 0.00176337 0.00270945 
50.5 0.121027 0.0115432 0.0206638 0.00630134 0.0834074 0.00912752 0.00765307 0.00414916 0.0740469 0.00798338 0.00696177 0.00342585 0.0512713 0.00660298 0.000548896 0.00238598 
51.5 0.0834163 0.0106158 0.00127395 0.00488038 0.0581607 0.00855656 -0.00379769 0.00333304 0.0480595 0.00735117 -0.00388236 0.00262319 0.0306823 0.00597268 -0.00645173 0.00177029 
52.5 0.0846772 0.0109732 0.000436183 0.00510883 0.0523733 0.0085871 -0.00697854 0.00321897 0.0400751 0.00730881 -0.00760606 0.00243855 0.0223864 0.00585947 -0.00960553 0.00157357 
53.5 0.05039 0.00970565 -0.0133568 0.00364124 0.0315275 0.00778195 -0.0138864 0.00242718 0.0195175 0.00642108 -0.0132179 0.00170747 0.00936739 0.00524104 -0.0123026 0.00116503 
54.5 0.0459392 0.0100864 -0.0177918 0.00368367 0.0198311 0.00761404 -0.0188337 0.00209432 0.0128261 0.00656812 -0.0169092 0.001609 0.00329021 0.00526648 -0.0148429 0.00106684 
55.5 0.0135562 0.00849046 -0.0264951 0.00222736 -0.00129682 0.00639895 -0.0222973 0.00128399 -0.00628688 0.00514021 -0.0179507 0.000914651 -0.0153188 0.00384041 -0.0149904 0.000614227 
56.5 -0.00908303 0.00777575 -0.0337158 0.00143993 -0.0170937 0.00584783 -0.0261424 0.000899234 -0.020099 0.00472889 -0.0211994 0.000708158 -0.0235454 0.00352151 -0.0161331 0.00060224 
57.5 -0.0255502 0.00675918 -0.0351685 0.000956158 -0.0329587 0.00492493 -0.0273298 0.000774235 -0.0345309 0.00372114 -0.020959 0.000766409 -0.0339295 0.00280931 -0.0156079 0.000712857 
58.5 -0.0369416 0.00600361 -0.0356486 0.000855591 -0.0396281 0.00426341 -0.0259877 0.000879069 -0.0395249 0.0032935 -0.0202066 0.000849043 -0.0380958 0.00240491 -0.0146122 0.000776129 
59.5 -0.0510806 0.00491985 -0.0345938 0.00109369 -0.05117 0.0033331 -0.0243906 0.00114053 -0.0490865 0.00241186 -0.0177636 0.00105599 -0.0439172 0.00185174 -0.01238 0.000878952 
60.5 -0.0691257 0.00352855 -0.0323749 0.00162535 -0.0617928 0.00243778 -0.0217647 0.00140552 -0.0550806 0.00193629 -0.0160056 0.00117384 -0.0492787 0.00151145 -0.0105716 0.000960289 
61.5 -0.067613 0.00339575 -0.0309378 0.00158571 -0.0614188 0.00235877 -0.0213573 0.00138682 -0.05353 0.00177694 -0.014217 0.0011108 -0.0461128 0.00148993 -0.00924987 0.000862235 
62.5 -0.0773146 0.0022702 -0.0262374 0.00187496 -0.0656925 0.00167534 -0.0167774 0.00144685 -0.0558176 0.00147913 -0.0113782 0.0011099 -0.0472797 0.00138765 -0.00722904 0.000832081 
63.5 -0.0805683 0.00175582 -0.0224295 0.00193979 -0.0674386 0.00152742 -0.0141679 0.00144939 -0.0579577 0.00145823 -0.0091652 0.00111361 -0.0484039 0.00147574 -0.00566927 0.000812143 
64.5 -0.0821291 0.00148033 -0.0172356 0.0019037 -0.0676987 0.00156791 -0.0105849 0.00137767 -0.0567864 0.0016668 -0.00620708 0.00100175 -0.0469204 0.00169086 -0.0035032 0.000707653 
65.5 -0.0819647 0.00154426 -0.0150293 0.0018469 -0.067063 0.00178195 -0.0083564 0.00129972 -0.055658 0.00185654 -0.00470613 0.000925029 -0.045823 0.00187997 -0.00236062 0.000638347 
66.5 -0.0827143 0.00171537 -0.0118071 0.00178865 -0.0675631 0.00183614 -0.00700375 0.00126479 -0.053543 0.00193259 -0.00336026 0.000827887 -0.0429882 0.00190041 -0.00140829 0.000545578 
67.5 -0.0790973 0.00229124 -0.00655976 0.00152537 -0.0634173 0.00233611 -0.00308652 0.00101857 -0.0499243 0.00232206 -0.000778854 0.000635349 -0.0400414 0.00220389 0.000298152 0.000404505 
68.5 -0.0719777 0.0026106 -0.00326945 0.00121768 -0.05467 0.00252788 -0.000584145 0.000715593 -0.0430954 0.00233073 0.000460665 0.000445874 -0.0335832 0.00213452 0.00102343 0.000264943 
69.5 -0.0758063 0.00273653 -0.00315159 0.00130194 -0.0592118 0.00263625 -0.000632711 0.000811423 -0.0471435 0.00245159 0.000502273 0.000516015 -0.0367566 0.00218404 0.000966928 0.000316152 
70.5 -0.0675248 0.00305104 -7.93276e-05 0.000955318 -0.0514711 0.00274543 0.000948416 0.000565681 -0.0399111 0.00246097 0.00137509 0.000338075 -0.0307825 0.00217917 0.00147965 0.000203397 
71.5 -0.0642606 0.00327157 0.001369 0.000794275 -0.0494512 0.00298289 0.00210483 0.000449197 -0.0391003 0.00264859 0.00214439 0.000274471 -0.0302568 0.00231389 0.00198073 0.000175807 
72.5 -0.0572755 0.00334512 0.00258997 0.000564836 -0.0440949 0.00296037 0.00266272 0.000319295 -0.0337636 0.00260125 0.00244041 0.000198553 -0.026051 0.00226997 0.00209427 0.000162936 
73.5 -0.0503474 0.00333372 0.00331273 0.000381594 -0.0368443 0.0028927 0.00299042 0.00020525 -0.0280508 0.00249166 0.00251783 0.000166997 -0.0215034 0.00212481 0.00202046 0.000165728 
74.5 -0.0455937 0.00339811 0.00395357 0.00025575 -0.0332434 0.00288301 0.00320405 0.000196745 -0.0248561 0.00246391 0.00255358 0.00020758 -0.0188462 0.00211432 0.00201491 0.00021173 
75.5 -0.0426835 0.0033449 0.00399097 0.000213206 -0.0310428 0.00277886 0.00310952 0.0001819 -0.02224 0.00228339 0.00231975 0.000191234 -0.0163195 0.00186985 0.00168937 0.000185161 
76.5 -0.0389785 0.00330867 0.00407986 0.000193972 -0.0282298 0.00275989 0.00313529 0.000208021 -0.0209818 0.00228528 0.00235124 0.000208625 -0.0155118 0.00189799 0.00174355 0.00020341 
77.5 -0.0313041 0.0031321 0.00393326 0.000234991 -0.0224455 0.00251702 0.00280617 0.000236409 -0.0158752 0.00199923 0.00193755 0.000218094 -0.0115234 0.00159543 0.00134098 0.000184886 
78.5 -0.0238704 0.00286949 0.00343274 0.000327806 -0.0169265 0.00237116 0.00245466 0.000321236 -0.0121625 0.00197497 0.00179049 0.000291523 -0.00902253 0.00165276 0.00131863 0.000254418 
79.5 -0.0220867 0.00270894 0.00316111 0.0003058 -0.0151377 0.0021273 0.00208458 0.000280716 -0.0101036 0.00165817 0.0013619 0.000232473 -0.00730639 0.0013597 0.00097649 0.000192991 
80.5 -0.0162954 0.0025397 0.00274897 0.000380088 -0.0115143 0.00202181 0.00185618 0.000320227 -0.00834248 0.00164671 0.00129327 0.000269832 -0.00631263 0.00137688 0.000947244 0.000227421 
81.5 -0.0119311 0.00221603 0.00210837 0.00037676 -0.00872792 0.00180118 0.00148079 0.000304789 -0.00665468 0.00149697 0.00108117 0.000252401 -0.00495055 0.00121633 0.000759614 0.000202356 
82.5 -0.00905535 0.0018577 0.00156301 0.000317278 -0.00573986 0.00133765 0.0008986 0.000219049 -0.00361696 0.000953464 0.000511635 0.0001459 -0.0022974 0.000676179 0.000289804 9.55812e-05 
83.5 -0.00938616 0.00193311 0.00166963 0.000333376 -0.00638607 0.00147094 0.00104748 0.00025044 -0.0043962 0.00113955 0.000673179 0.000190104 -0.00308566 0.000887165 0.000439841 0.000141011 
84.5 -0.0091736 0.00203713 0.00176385 0.00037725 -0.00664519 0.00161072 0.00118634 0.000290689 -0.0047949 0.00127061 0.000794263 0.000221326 -0.00346806 0.000998322 0.000530019 0.000165253 
85.5 -0.00558104 0.00160286 0.00110314 0.000317598 -0.00396103 0.00122941 0.000713306 0.000227892 -0.00274887 0.000916901 0.000441346 0.000156592 -0.00186701 0.000668683 0.000263731 0.000104173 
86.5 -0.0036021 0.00122399 0.000676952 0.000244684 -0.00231354 0.000919596 0.000405722 0.000178443 -0.0015764 0.000708829 0.000258 0.000130902 -0.00111513 0.000547317 0.000167094 9.37918e-05 
87.5 -0.0016907 0.000848088 0.000325415 0.000177256 -0.00105102 0.000630376 0.000187611 0.000129621 -0.000686457 0.000497001 0.000119979 9.87126e-05 -0.000487042 0.00039753 8.16081e-05 7.36921e-05 
88.5 -0.00212582 0.000845494 0.000361056 0.000155975 -0.00108939 0.000531044 0.000159139 9.07729e-05 -0.000590603 0.000346818 7.71265e-05 5.0873e-05 -0.000344821 0.000220845 3.80396e-05 2.63152e-05 
89.5 -0.00097741 0.000603035 0.000178171 0.000115609 -0.000565316 0.000369397 8.24625e-05 5.78492e-05 -0.000304081 0.000207336 3.39368e-05 2.48642e-05 -0.000153612 0.000106814 1.24416e-05 9.25389e-06 
90.5 -0.000828465 0.000633032 0.000172375 0.000140353 -0.000583813 0.000509602 0.000115556 0.000108797 -0.000433349 0.00041426 8.18741e-05 8.10451e-05 -0.00033135 0.000327703 5.71983e-05 5.71305e-05 
91.5 -0.000163779 0.000163779 2.01927e-05 2.01926e-05 -4.12707e-05 4.12707e-05 2.55428e-06 2.55427e-06 -6.89514e-06 6.89514e-06 1.7443e-07 1.74429e-07 -7.82976e-07 7.82975e-07 6.67464e-09 6.67461e-09 
92.5 0 0 0 0 0 0 0 0 0 0 0 0 0 0 0 0 
93.5 0 0 0 0 0 0 0 0 0 0 0 0 0 0 0 0 
94.5 0 0 0 0 0 0 0 0 0 0 0 0 0 0 0 0 
95.5 0 0 0 0 0 0 0 0 0 0 0 0 0 0 0 0 
96.5 0 0 0 0 0 0 0 0 0 0 0 0 0 0 0 0 
97.5 0 0 0 0 0 0 0 0 0 0 0 0 0 0 0 0 
98.5 0 0 0 0 0 0 0 0 0 0 0 0 0 0 0 0 
99.5 0 0 0 0 0 0 0 0 0 0 0 0 0 0 0 0 
