0.5 -0.749663 0.056437 -0.000300919 9.15559e-05 -0.871616 1.50524 0.408433 0.157538 1.20823e-05 1.97277e-05 -1.05608 1.05139 -0.635354 0.0568478 -0.000117104 4.15065e-05 0.99636 0.115873 -0.350408 0.595596 -1.6247e-05 4.96224e-05 1.5361 4.90864 
1.5 -0.77949 0.0357801 -0.000391152 7.35642e-05 0.933998 0.0732967 0.185631 4.2685 5.16802e-07 1.95442e-05 -3.19008 150.235 -0.467824 0.228615 -3.93992e-05 5.71372e-05 -1.43327 0.762805 -0.681123 0.0671316 -0.000230361 8.78685e-05 -0.783501 2.32751 
2.5 -0.709555 0.0387321 -0.000284466 6.13554e-05 1.0528 0.0616921 -0.641895 0.0896913 -7.4895e-05 3.78576e-05 -0.977515 2.04035 -0.698568 0.06028 -0.000188611 6.55702e-05 -0.933508 0.118705 -0.478057 0.194581 -5.93097e-05 7.6898e-05 -1.33021 0.500019 
3.5 -0.746633 0.0419673 -0.000400195 9.06e-05 0.942382 0.0990111 -0.667399 0.115906 -0.000104032 6.00544e-05 -1.14653 2.11959 -0.709338 0.0821703 -0.000245737 0.00010604 -1.05126 0.317947 -0.601303 0.0760044 -0.000170269 8.3023e-05 0.600284 7.72967 
4.5 -0.637242 0.0507101 -0.000248549 7.79732e-05 1.11039 0.0767243 -0.511365 0.119328 -3.79648e-05 3.29505e-05 -0.930263 1.84273 -0.597848 0.0632028 -0.000129754 5.37465e-05 1.0759 0.124112 -0.494068 0.204861 -9.17058e-05 0.000114464 -1.3002 0.38915 
5.5 -0.728703 0.0399385 -0.000484148 0.000107465 0.971967 0.0685091 -0.674934 0.0578078 -0.000114166 3.82908e-05 0.853568 0.233037 -0.7209 0.0592231 -0.000290338 9.51716e-05 -0.83027 1.56369 -0.567604 0.0852822 -0.000147675 8.44262e-05 1.03419 0.235817 
6.5 -0.715234 0.0427466 -0.000536677 0.000129387 0.969603 0.0786479 -0.718147 0.0642193 -0.000146319 5.21056e-05 -0.970447 0.139018 -0.630138 0.0610122 -0.000185867 7.07977e-05 0.998818 0.136016 -0.703112 0.0746971 -0.000362783 0.000148543 -1.01786 0.204901 
7.5 -0.706116 0.0446882 -0.000602021 0.00015177 1.00594 0.0847703 -0.520045 0.110951 -4.77185e-05 3.8425e-05 0.303982 22.17 -0.643765 0.0600959 -0.000224333 8.28681e-05 0.900853 0.17446 -0.630288 0.0688193 -0.00026332 0.000112117 0.465412 12.9052 
8.5 -0.542916 0.0856527 -0.000245065 0.000148269 1.1494 0.197452 -0.675063 0.061817 -0.000146388 5.3431e-05 -0.779337 1.95459 -0.691861 0.0630708 -0.00035106 0.000127368 -0.899801 0.241648 -0.696504 0.0499403 -0.000473585 0.000137118 0.823126 0.182789 
9.5 -0.538314 0.0753297 -0.000273723 0.000149231 1.2543 0.149602 -0.589983 0.116659 -9.14964e-05 6.10659e-05 -1.09665 2.22873 -0.701371 0.0473846 -0.000427554 0.000116857 0.864282 0.145109 -0.558364 0.087874 -0.000217588 0.000131711 -0.306808 23.64 
10.5 0.591456 0.0562729 0.000499166 0.000200691 0.988823 0.233166 0.252505 0.595666 3.57954e-06 3.70109e-05 -2.22082 5.43253 -0.709396 0.0532444 -0.000442031 0.000132176 0.802379 0.229083 -0.623461 0.0653926 -0.000375499 0.000154675 0.902981 0.204165 
11.5 0.540676 0.0746395 0.000364464 0.000214657 1.09035 0.304595 -0.578268 0.06605 -0.00010283 4.59852e-05 1.14772 0.11887 -0.612704 0.072341 -0.000321808 0.000146987 0.829171 0.344635 -0.511204 0.09482 -0.000188483 0.00013495 1.25196 0.210656 
12.5 0.622721 0.0341479 0.000717019 0.000169574 0.763553 0.247862 -0.450446 0.161712 -4.15574e-05 5.21217e-05 1.26551 0.564746 -0.701976 0.0499265 -0.00058486 0.000168416 0.828155 0.162174 -0.513817 0.104932 -0.000207869 0.000156348 1.12636 0.311748 
13.5 0.668749 0.0278979 0.00127952 0.000228835 0.990542 0.0231125 -0.512945 0.123578 -7.89716e-05 6.76409e-05 -0.753321 2.7765 -0.614611 0.0722657 -0.000410771 0.000184626 0.95087 0.239455 -0.609743 0.0835438 -0.000497448 0.000256449 -0.904609 1.91798 
14.5 0.692301 0.0234496 0.00156305 0.000236217 0.967116 0.0206482 -0.575689 0.0724042 -0.000146194 7.16822e-05 1.08474 0.147215 -0.478665 0.175985 -0.000153062 0.000175311 1.00895 0.870235 -0.527539 0.109358 -0.000326186 0.000253165 -0.832131 1.99184 
15.5 0.752961 0.0160388 0.00244529 0.000252221 0.984354 0.00976255 -0.561162 0.0818597 -0.000147148 8.32049e-05 0.943863 0.248854 -0.539904 0.0846481 -0.000287819 0.000173612 1.16646 0.188874 0.508112 0.0795874 0.000280783 0.000180924 0.949658 0.248556 
16.5 0.754737 0.0163702 0.00308205 0.000315511 0.996351 0.0113772 -0.526938 0.098587 -0.000127019 9.14467e-05 -0.780942 1.83855 -0.506579 0.0887725 -0.000249518 0.000169864 1.30806 0.195559 -0.467382 0.133238 -0.0002049 0.000215372 1.30165 0.395449 
17.5 0.766568 0.0170015 0.00356291 0.000358089 1.01168 0.012027 -0.594312 0.0765622 -0.000189361 9.5526e-05 -0.82731 0.456021 -0.483057 0.116225 -0.000222398 0.00020301 1.23436 0.288298 0.455588 0.118624 0.000222016 0.000241798 0.937423 0.6194 
18.5 0.814337 0.0102956 0.00540704 0.000380631 0.993113 0.00408741 -0.340797 1.05009 -2.30334e-05 8.7925e-05 1.39084 7.15731 0.402488 0.153331 0.000133517 0.000211006 -1.4404 0.673776 0.300444 0.371325 4.79372e-05 0.00026514 -1.96203 2.48284 
19.5 0.814483 0.0103074 0.00602071 0.000416171 0.997439 0.00424652 0.403989 0.143915 5.03977e-05 7.40694e-05 -1.58939 0.642928 0.447111 0.117326 0.000230305 0.000254615 -1.17274 0.494684 -0.360362 0.358908 -0.000105861 0.000298425 1.49548 2.31541 
20.5 0.81444 0.0103942 0.00652879 0.000459161 0.994483 0.00412344 -0.326622 0.7713 -2.37468e-05 9.34716e-05 1.84383 8.86907 0.401269 0.162046 0.000167669 0.00028288 -1.27021 0.759077 0.456987 0.108848 0.000307416 0.000304255 -1.16827 0.447929 
21.5 0.840994 0.00845227 0.00793078 0.000470192 0.997777 0.00315695 -0.460725 0.146077 -0.000101284 0.000116013 1.13961 0.464807 0.495867 0.0863063 0.000395095 0.00028393 0.635479 3.29481 0.481058 0.0950438 0.000387718 0.000316735 1.00661 0.271126 
22.5 0.831713 0.00872643 0.0094849 0.000576764 0.999308 0.00295792 -0.48601 0.104328 -0.000150349 0.000124389 1.33558 0.255751 0.641158 0.0304649 0.00143745 0.000298539 0.843541 0.107634 0.577181 0.0456186 0.00103063 0.000341559 -0.792203 0.435928 
23.5 0.849025 0.00719593 0.0107943 0.000614272 0.991558 0.00231765 -0.498039 0.105456 -0.000170958 0.000138449 1.2263 0.247854 0.60586 0.0385215 0.0011615 0.000315154 -0.636748 0.946175 0.573128 0.049499 0.000960652 0.000344762 0.8266 0.267333 
24.5 0.856574 0.00687949 0.0117405 0.000636256 0.993822 0.00196258 -0.425412 0.172076 -0.000103723 0.000152366 1.41422 0.589643 0.592526 0.0424608 0.00120444 0.000362484 0.759163 0.344156 0.610263 0.0493458 0.00126638 0.000423839 1.06538 0.0961927 
25.5 0.841799 0.00860097 0.0118288 0.000701275 0.998773 0.00318276 0.503184 0.0758695 0.000209972 0.000129729 -0.976602 0.439883 0.596406 0.039298 0.00133745 0.00037825 -0.884635 0.235603 0.560745 0.0543618 0.00108071 0.000435717 -0.807341 0.471383 
26.5 0.862532 0.00641068 0.0140812 0.000739463 0.993088 0.00157065 0.419644 0.142484 0.000116172 0.000165161 -1.25103 0.628332 0.714752 0.0187997 0.00308435 0.000395725 0.921373 0.0259752 0.580177 0.0463615 0.00143265 0.00047741 0.628866 1.07449 
27.5 0.87039 0.00583192 0.0158504 0.00080037 0.992184 0.00142146 0.349204 0.249127 6.05008e-05 0.000196765 -1.16913 1.79783 0.62652 0.0327591 0.00185242 0.000422174 0.667947 0.499282 0.514612 0.0652629 0.000947902 0.00049689 -1.1484 0.253913 
28.5 0.866648 0.00612268 0.0171842 0.000882352 0.992905 0.00150035 0.408049 0.16006 0.000111807 0.000185862 -1.16803 0.792533 0.713364 0.0188177 0.00360824 0.000462491 0.926103 0.0244689 0.562295 0.048962 0.00129629 0.000472906 -0.969711 0.24104 
29.5 0.867122 0.00595257 0.0195809 0.000992559 0.993273 0.00140421 -0.274708 1.38683 -2.56697e-05 0.000229628 1.82952 10.5649 0.709349 0.0194711 0.00435518 0.000576695 0.918955 0.0279277 0.608644 0.0389077 0.0020606 0.00055449 0.868465 0.124521 
30.5 0.879484 0.00546516 0.0206998 0.000971924 0.99523 0.00127305 0.270762 0.509273 2.61892e-05 0.000238935 -1.70417 3.61855 0.713854 0.0210316 0.00439018 0.000589918 0.97184 0.017011 0.598762 0.0434217 0.00205593 0.000623076 0.906648 0.114143 
31.5 0.860206 0.00673304 0.0199609 0.00108048 0.991987 0.00205047 0.45081 0.119655 0.000219011 0.00024207 1.16145 0.251107 0.684029 0.0231042 0.00384198 0.000585065 0.950906 0.0258362 0.665207 0.0252376 0.00350102 0.000602051 0.86922 0.0694102 
32.5 0.879177 0.00517332 0.0249612 0.00118468 0.992995 0.00118711 -0.402245 0.175794 -0.000157797 0.000257383 1.69138 0.736385 0.710181 0.0190231 0.00516011 0.000666891 0.930128 0.0243835 0.605409 0.0383463 0.00240369 0.000645656 0.781591 0.247594 
33.5 0.877313 0.00577994 0.0247477 0.00119182 0.994939 0.00156709 0.4475 0.117433 0.000257009 0.000281082 -1.16543 0.506498 0.730153 0.0181293 0.0060086 0.00070817 0.970875 0.0134415 0.651763 0.0288948 0.00352521 0.000684672 0.894633 0.0647915 
34.5 0.869127 0.00616448 0.0244895 0.00122449 0.995354 0.00157837 0.46694 0.104098 0.000319535 0.000295311 -0.929463 0.771969 0.714965 0.0202191 0.00548341 0.000719203 0.962351 0.0171899 0.707623 0.0214619 0.00556755 0.000775921 0.953898 0.0211772 
35.5 0.882811 0.0052896 0.029449 0.00137861 0.993864 0.001196 0.526276 0.0631322 0.000592729 0.000294113 -1.07163 0.261703 0.753203 0.0148853 0.00800836 0.000816491 0.959905 0.0107823 0.725646 0.0170672 0.00666994 0.00079286 0.923596 0.0221982 
36.5 0.889862 0.00478537 0.0332207 0.00148397 0.994026 0.000982052 0.51751 0.0683635 0.00057244 0.000313748 -1.07857 0.278251 0.766473 0.0139191 0.00926764 0.000889188 0.963462 0.00896914 0.696615 0.0208639 0.00596469 0.000847558 0.904184 0.0364443 
37.5 0.876993 0.0052608 0.0319252 0.00155833 0.991217 0.00124168 0.417924 0.135437 0.000299299 0.000399937 -1.45883 0.5715 0.757972 0.0142523 0.00952371 0.000945305 0.956935 0.0102476 0.710684 0.0191184 0.0074697 0.000970655 0.926236 0.0259029 
38.5 0.879403 0.0053858 0.0332648 0.00162439 0.991153 0.00130209 0.62848 0.0358301 0.00151394 0.000365898 0.910071 0.0712043 0.783381 0.0117463 0.0116748 0.000997939 0.965863 0.00695255 0.744919 0.0150343 0.00914565 0.000965664 0.944926 0.0142707 
39.5 0.879761 0.0052898 0.0366916 0.00174588 0.993133 0.00117831 0.558933 0.0564537 0.0010273 0.000429577 0.645606 1.61768 0.803092 0.0104665 0.0143795 0.00110896 0.97463 0.00494879 0.736951 0.0165632 0.00905793 0.00103823 0.93045 0.0186851 
40.5 0.888529 0.00486648 0.0389193 0.00178816 0.992323 0.00106887 0.509851 0.0703127 0.00074023 0.000420466 -1.06529 0.313989 0.78512 0.0113921 0.0131805 0.00109905 0.969137 0.0065109 0.736281 0.0160795 0.010016 0.00111755 0.940079 0.0167168 
41.5 0.895061 0.00445774 0.0456454 0.0020387 0.991588 0.000963775 0.54992 0.0522809 0.00114475 0.000454787 -1.04133 0.223564 0.796411 0.0105672 0.0163034 0.00132541 0.960193 0.00686314 0.751682 0.014316 0.0124915 0.00126772 0.948161 0.0126807 
42.5 0.893177 0.00456222 0.0432698 0.00197285 0.990704 0.00103721 0.604158 0.0378521 0.00176483 0.000472321 -0.599163 1.45128 0.801857 0.0104228 0.0157421 0.00121693 0.973771 0.00505365 0.725121 0.0171089 0.00948964 0.00114565 0.90584 0.0275482 
43.5 0.894529 0.00459917 0.0493027 0.00223974 0.990836 0.00105661 0.607188 0.0383346 0.00188897 0.000504638 0.820728 0.18584 0.804241 0.0098832 0.0191381 0.00144865 0.972049 0.00487848 0.745565 0.0149801 0.012671 0.00133595 0.943807 0.0145496 
44.5 0.891876 0.00463741 0.0503438 0.00230383 0.990978 0.00106094 0.66465 0.0272462 0.0030717 0.000549595 0.950776 0.0323112 0.799861 0.0102496 0.0196544 0.00155279 0.964598 0.0059099 0.779716 0.0117178 0.0169237 0.00148947 0.953591 0.0089097 
45.5 0.890989 0.00467184 0.048939 0.002267 0.990261 0.00108888 0.600462 0.0418489 0.00224425 0.000662536 0.638897 1.44976 0.81055 0.0097951 0.0210376 0.00158257 0.970283 0.00500023 0.780348 0.0120804 0.0176426 0.00155067 0.961084 0.00787353 
46.5 0.89906 0.00434076 0.0549448 0.00242087 0.991339 0.000953004 0.616107 0.0363364 0.00256128 0.000647519 0.700534 0.430194 0.80791 0.009449 0.0223871 0.00168765 0.966131 0.00542754 0.776966 0.0120312 0.0181323 0.00162911 0.95087 0.00958612 
47.5 0.886183 0.00492331 0.0546801 0.0026545 0.988036 0.00128463 0.649547 0.0296258 0.00316938 0.000630435 0.898297 0.0635022 0.818397 0.0087701 0.0257419 0.00184173 0.969535 0.00450775 0.777164 0.0121161 0.0175552 0.00158814 0.948866 0.0100257 
48.5 0.886209 0.00498123 0.0582463 0.002835 0.988017 0.00130468 0.631776 0.0305647 0.00324802 0.000703736 -0.783214 0.272548 0.817378 0.00897655 0.0263343 0.00188237 0.972508 0.00430577 0.784731 0.0112924 0.0206733 0.00178526 0.952024 0.00870295 
49.5 0.899914 0.0042542 0.0678979 0.00292824 0.992475 0.000887325 0.690107 0.0221811 0.00472422 0.000706952 0.90436 0.0390711 0.83169 0.00808986 0.0312254 0.00211589 0.971849 0.00383649 0.814827 0.00916608 0.0261928 0.00194705 0.964331 0.0053683 
50.5 0.898227 0.0044332 0.0685979 0.00312699 0.989098 0.00110558 0.676184 0.0239218 0.00485397 0.000789973 0.872785 0.0603776 0.833418 0.00790131 0.0329682 0.00218413 0.974702 0.00349808 0.813286 0.0092178 0.0277393 0.00203595 0.969382 0.00489003 
51.5 0.889755 0.00465424 0.0673682 0.00321368 0.987799 0.00121886 0.654915 0.0270094 0.00436895 0.000810333 0.817921 0.116393 0.842474 0.00741748 0.0364605 0.00234681 0.973863 0.00335925 0.819183 0.00875292 0.028212 0.00202313 0.968425 0.00467156 
52.5 0.900438 0.00431303 0.0717505 0.0032027 0.989908 0.00102904 0.696535 0.0215426 0.00646394 0.000939831 0.90487 0.0368376 0.838508 0.00755012 0.0364554 0.00233687 0.977016 0.00314968 0.802469 0.0100233 0.0276703 0.00219431 0.958781 0.00679443 
53.5 0.898598 0.00439739 0.0727014 0.00332052 0.988722 0.00112374 0.70416 0.0199178 0.00680535 0.00092532 0.910138 0.032035 0.833404 0.00794516 0.0348053 0.0023498 0.970792 0.00391606 0.803946 0.010029 0.0288954 0.00229655 0.957419 0.0068927 
54.5 0.889035 0.0048692 0.0732338 0.00359423 0.986048 0.00140466 0.712459 0.0195276 0.0071298 0.000944675 0.915618 0.0283159 0.853452 0.00677638 0.0449702 0.00272951 0.976972 0.00272841 0.815849 0.00912236 0.0319542 0.00236315 0.965001 0.00533977 
55.5 0.897481 0.00444693 0.0803333 0.00367706 0.988967 0.00113237 0.750335 0.01493 0.0101951 0.00107478 0.938073 0.0149487 0.835757 0.00784284 0.0384542 0.00258914 0.969734 0.00400713 0.819501 0.008774 0.0343719 0.00253213 0.960697 0.00560037 
56.5 0.894467 0.00471019 0.0783204 0.00376487 0.986207 0.00134461 0.730461 0.0168519 0.00983399 0.00116075 0.9165 0.0236078 0.843708 0.00754888 0.042237 0.00277852 0.969971 0.00376516 0.811361 0.00930217 0.0350675 0.00269591 0.956343 0.00663618 
57.5 0.890362 0.00490631 0.0826058 0.00409674 0.984825 0.00149174 0.692274 0.0216568 0.00803057 0.00120606 0.837182 0.0716608 0.838263 0.00771882 0.044559 0.00296377 0.970643 0.00382975 0.813113 0.00928864 0.0355144 0.0026902 0.960509 0.00601487 
58.5 0.891807 0.00477895 0.0870131 0.00424885 0.985551 0.00142362 0.708556 0.0187121 0.00988549 0.00132512 0.841413 0.0602076 0.847761 0.00713044 0.0504914 0.00318596 0.974006 0.00324442 0.819633 0.00891811 0.0416266 0.0031195 0.957007 0.0062018 
59.5 0.898203 0.00453771 0.0955742 0.00451708 0.986299 0.00130061 0.722553 0.0177034 0.00993639 0.00122352 0.911812 0.0272736 0.847174 0.00716254 0.0510398 0.00327078 0.971325 0.0034997 0.826445 0.00847716 0.0428932 0.00311444 0.959307 0.00564701 
60.5 0.891241 0.00492681 0.0901355 0.00447575 0.98458 0.00152799 0.715672 0.0180279 0.0109834 0.00141987 0.857957 0.0500028 0.84246 0.00763603 0.0498614 0.00331941 0.968441 0.00401369 0.798751 0.0104025 0.0355742 0.00300236 0.940313 0.0100005 
61.5 0.901841 0.00434602 0.102372 0.00469336 0.987499 0.00120493 0.725997 0.0169736 0.0119214 0.0014425 0.894435 0.0316066 0.862582 0.00642306 0.0629917 0.00373475 0.976114 0.00274136 0.829817 0.0083189 0.0478628 0.0034163 0.961397 0.00523611 
62.5 0.886518 0.00527076 0.0951493 0.00497632 0.981431 0.00188768 0.667607 0.0242217 0.0080962 0.00141125 -0.732641 0.274711 0.845736 0.00742862 0.0579072 0.00381213 0.968199 0.00401173 0.79333 0.0110462 0.0369389 0.00327515 0.929436 0.0126629 
63.5 0.896157 0.0047783 0.102164 0.004985 0.984635 0.00151303 0.670833 0.0236947 0.00864001 0.00145936 0.416148 18.1648 0.8324 0.00836824 0.0514132 0.00369339 0.959286 0.0055479 0.807636 0.0100362 0.0398165 0.00325441 0.944893 0.00892241 
64.5 0.894499 0.00483968 0.103461 0.00510597 0.984111 0.00155977 0.720702 0.0175074 0.0127983 0.00162051 0.855171 0.048812 0.85562 0.00696463 0.0635885 0.00400328 0.97099 0.0034672 0.822148 0.00891187 0.0464322 0.00349244 0.954867 0.00649163 
65.5 0.894778 0.004885 0.108964 0.00543538 0.983126 0.0016533 0.715637 0.0179643 0.0120303 0.00154938 0.861456 0.0478814 0.847885 0.00744752 0.0631998 0.00422419 0.964316 0.00440354 0.824483 0.00899872 0.0489242 0.00369784 0.953537 0.00684095 
66.5 0.897132 0.00479313 0.11177 0.00550241 0.983583 0.00158496 0.713098 0.0182696 0.01277 0.00168982 0.825951 0.0681986 0.860621 0.00670163 0.0694498 0.00426408 0.972457 0.00322904 0.823863 0.00898813 0.0495113 0.00376508 0.951577 0.00706108 
67.5 0.894993 0.00492285 0.114926 0.00576051 0.982725 0.00169621 0.711975 0.018885 0.0133625 0.00183975 0.759188 0.123446 0.849009 0.00765539 0.0677423 0.0045997 0.962102 0.00485286 0.812372 0.00996128 0.0483783 0.00399478 0.937457 0.0101467 
68.5 0.889918 0.00527554 0.109431 0.00574507 0.980215 0.002003 0.709114 0.0186196 0.0136789 0.00187168 0.759662 0.122483 0.855139 0.00721891 0.0720177 0.00468017 0.966637 0.00411302 0.813427 0.00974309 0.0486815 0.00396221 0.939941 0.00949374 
69.5 0.890316 0.00521394 0.116664 0.00609254 0.980466 0.00195059 0.715918 0.0182779 0.0136279 0.0018416 0.742703 0.135334 0.855171 0.00732371 0.0755279 0.00497892 0.964378 0.00441317 0.812443 0.009804 0.0472226 0.00384703 0.940844 0.00940783 
70.5 0.893597 0.00512935 0.120309 0.00620557 0.980775 0.0019159 0.67941 0.0229708 0.0120366 0.00202776 -0.816418 0.164867 0.852304 0.00739789 0.0760498 0.00504073 0.964566 0.00442773 0.792682 0.0114492 0.0450622 0.00417632 0.911209 0.0169751 
71.5 0.884445 0.00572457 0.112914 0.00628075 0.976266 0.00248479 0.672285 0.0237653 0.0123874 0.00218104 -0.889553 0.127968 0.844719 0.00808903 0.0754149 0.00534747 0.956292 0.00585373 0.802825 0.0108246 0.0505023 0.00447774 0.92073 0.0141565 
72.5 0.878828 0.00603926 0.112739 0.00650935 0.973905 0.00283547 0.6634 0.0251165 0.0106854 0.00197524 -0.908671 0.12816 0.846457 0.00798242 0.0766262 0.00539846 0.956489 0.00576064 0.796439 0.0115248 0.0464912 0.0043347 0.906982 0.0180395 
73.5 0.884689 0.00579915 0.118031 0.00659496 0.97598 0.00259089 0.626567 0.031435 0.00872057 0.00205515 -1.08268 0.111113 0.837592 0.00856773 0.0699025 0.00517173 0.951078 0.00692118 0.788151 0.0123445 0.0441358 0.00434178 0.891058 0.0235261 
74.5 0.878369 0.00615646 0.115525 0.00676074 0.972603 0.0030005 0.684936 0.0219735 0.0125098 0.00201347 -0.734958 0.243545 0.838232 0.00861323 0.0741255 0.00552639 0.948975 0.00724812 0.794376 0.011627 0.0470037 0.00439874 0.907842 0.018144 
75.5 0.864851 0.00696303 0.104214 0.00667081 0.965232 0.00410302 0.581522 0.0416457 0.00636502 0.0020508 -1.24231 0.135199 0.820471 0.0101855 0.0665905 0.0056406 0.926159 0.012445 0.754763 0.0152925 0.0363324 0.00430579 0.786851 0.0790055 
76.5 0.87126 0.00660309 0.112997 0.00697029 0.9682 0.00363772 0.569588 0.0441883 0.00608301 0.00210637 -1.27874 0.143848 0.82979 0.00946477 0.0741573 0.00594259 0.936482 0.0098412 0.764205 0.01455 0.0405797 0.00460936 0.817357 0.057557 
77.5 0.860959 0.00719337 0.102922 0.00676404 0.962452 0.00452318 0.559438 0.0479539 0.00587549 0.00222782 -1.32092 0.156925 0.814054 0.0106362 0.0661147 0.00579334 0.919013 0.0143697 0.735212 0.0175353 0.0333069 0.00445447 0.465294 1.61995 
78.5 0.849324 0.00816174 0.0957589 0.006883 0.951884 0.00646613 0.469013 0.0868182 0.00282586 0.00219848 -1.65526 0.348744 0.789275 0.0128824 0.055791 0.00571442 0.868446 0.0314764 0.67984 0.0250618 0.0229762 0.0043266 -1.00359 0.0975444 
79.5 0.853003 0.00784033 0.0996445 0.00695996 0.955565 0.00576741 0.497841 0.0714103 0.00368129 0.00225157 -1.54645 0.263149 0.795812 0.0122371 0.0595835 0.00585435 0.884754 0.025147 0.704696 0.0214479 0.0273154 0.00441564 -0.886252 0.115135 
80.5 0.850238 0.0081833 0.100711 0.00725167 0.951337 0.00657357 0.486637 0.0771423 0.00354229 0.00238629 -1.60341 0.294821 0.812101 0.0111963 0.0698786 0.00637525 0.906945 0.0178141 0.717689 0.0200727 0.0314291 0.00477239 -0.826733 0.136127 
81.5 0.846949 0.00863917 0.10006 0.0074735 0.946045 0.00772309 -0.2731 0.482267 -0.000347263 0.00240198 2.9945 5.32582 0.786276 0.0135447 0.0602474 0.00643318 0.845761 0.041509 0.668247 0.0276921 0.0228109 0.00473931 -1.06697 0.0967319 
82.5 0.825109 0.0102051 0.0864705 0.00736597 0.921984 0.013219 -0.475014 0.0952033 -0.00294189 0.0022365 1.76291 0.321672 0.774573 0.014699 0.0537111 0.00613997 0.802367 0.0666616 0.607182 0.0397848 0.014146 0.00432232 -1.26434 0.124268 
83.5 0.804383 0.0116733 0.0695914 0.00659652 0.894707 0.0213269 -0.567791 0.0582095 -0.00565936 0.00208565 1.50493 0.130465 0.745905 0.0178055 0.0430868 0.00583224 -0.611424 0.45221 0.561831 0.0521583 0.00966444 0.00401126 -1.40293 0.16994 
84.5 0.790614 0.0131291 0.0661637 0.00691514 0.853464 0.0370196 -0.727315 0.0328624 -0.0134905 0.00187454 1.24049 0.0417371 0.707809 0.0228496 0.0343017 0.00586443 -0.944168 0.101699 -0.486956 0.096143 -0.00489387 0.00363356 1.77638 0.318995 
85.5 0.789031 0.0132765 0.0670984 0.00708184 0.848091 0.0394679 -0.698213 0.0358707 -0.0122124 0.00197591 1.28448 0.050107 0.687094 0.026035 0.0305238 0.00593385 -1.0326 0.0951477 -0.414275 0.153143 -0.00267882 0.00383038 2.06814 0.72595 
86.5 0.749839 0.0173672 0.0502011 0.00667522 -0.561469 0.673731 -0.769995 0.0295157 -0.015492 0.00170147 1.1955 0.0334313 0.604732 0.0425297 0.0161518 0.00526818 -1.29749 0.132135 -0.656902 0.0441855 -0.0142508 0.00313477 1.37706 0.0731232 
87.5 0.728986 0.0199368 0.0441304 0.00665241 -0.835101 0.129396 -0.765113 0.0304777 -0.0169633 0.00193929 1.20747 0.035023 0.617123 0.0400997 0.0185698 0.0056583 -1.26502 0.12406 -0.606989 0.0545038 -0.0115324 0.00357823 1.47334 0.109286 
88.5 0.66629 0.0291548 0.0272996 0.00596697 -1.10183 0.0969607 -0.866589 0.0249853 -0.0236224 0.00164528 1.10908 0.0229625 -0.332703 0.308279 -0.00134076 0.00488141 2.59651 2.36573 -0.761387 0.0332491 -0.0235775 0.00289462 1.23988 0.0393066 
89.5 0.520061 0.0714558 0.00925416 0.0055213 -1.58089 0.256066 -0.925395 0.0227371 -0.0266538 0.00150294 1.05364 0.0194716 -0.634255 0.0508398 -0.0154379 0.00416092 1.43571 0.0931195 -0.856262 0.0271567 -0.0319337 0.00235816 1.13986 0.025239 
90.5 -0.24864 0.742049 -0.000454657 0.00519587 3.44818 10.7131 -0.948743 0.0228876 -0.0269526 0.00138758 1.04456 0.0188412 -0.692446 0.0423221 -0.0210395 0.00402885 1.3457 0.0631821 -0.894615 0.0260944 -0.0351438 0.002154 1.11149 0.0225295 
91.5 -0.608742 0.0554526 -0.0145073 0.00454435 1.48339 0.112034 -1.03499 0.0215365 -0.0309934 0.00140053 0.974858 0.0175793 -0.828389 0.0298674 -0.034924 0.00307426 1.17965 0.0296913 -0.995471 0.023403 -0.0417886 0.00168147 1.02928 0.0179071 
92.5 -0.705985 0.0398493 -0.0237793 0.00410367 1.32235 0.0567206 -1.07514 0.0216783 -0.0342305 0.00140445 0.953029 0.0176311 -0.878075 0.0279744 -0.0417886 0.00285646 1.13859 0.0248948 -1.03934 0.0233552 -0.0477395 0.00156852 1.00469 0.0172819 
93.5 -0.820622 0.0300363 -0.035966 0.00323765 1.1866 0.0305373 -1.15028 0.0212029 -0.0334707 0.00146064 0.886545 0.0202444 -0.962067 0.025114 -0.0467031 0.00206407 1.06757 0.0194474 -1.11151 0.0226141 -0.045459 0.0015081 0.945661 0.0174643 
94.5 -0.952722 0.024807 -0.0499269 0.00219629 1.07167 0.0196179 -1.23999 0.0219582 -0.032466 0.00157521 0.801672 0.0291164 -1.06662 0.0239795 -0.0535169 0.00151153 0.995294 0.0171471 -1.20551 0.0231995 -0.0458342 0.00161822 0.876413 0.0206293 
95.5 -1.00945 0.0239651 -0.0564917 0.00189381 1.03135 0.0178516 -1.28231 0.0228667 -0.0319564 0.00171487 0.744896 0.0402023 -1.12104 0.0237601 -0.0572206 0.00145354 0.956933 0.0172367 -1.26017 0.0238725 -0.0459497 0.00182106 0.827199 0.0252993 
96.5 -1.13101 0.0236811 -0.063061 0.00152515 0.949991 0.0173544 -1.38174 0.0249381 -0.0334946 0.00187577 0.50859 0.280324 -1.23741 0.0249682 -0.0612119 0.00162064 0.878863 0.0205272 -1.35992 0.0261647 -0.046738 0.00204035 0.725411 0.0456849 
97.5 -1.16191 0.023238 -0.0618912 0.00163095 0.921436 0.0181992 -1.42606 0.0261859 -0.0334776 0.00201512 -0.62224 0.0936183 -1.28758 0.0254923 -0.0592393 0.00193157 0.831593 0.0249483 -1.41131 0.0274127 -0.0467003 0.00226419 0.609146 0.109584 
98.5 -1.40398 0.023184 -0.0416192 0.00256096 -0.662302 0.0707407 -1.71968 0.0335394 -0.0188467 0.00196432 -0.927256 0.017182 -1.66 0.0360566 -0.0373857 0.00271587 -0.835564 0.0242748 -1.80438 0.0416157 -0.0258347 0.00245696 -0.918199 0.0178169 
99.5 -0.826571 0.0251474 -0.0261315 0.00206796 1.13119 0.0250761 -1.15727 0.0198673 -0.0318024 0.00174373 0.837509 0.0249894 -1.34166 0.0227666 -0.0358981 0.00213536 0.532063 0.221872 -1.4986 0.0266066 -0.0267997 0.00207122 -0.801635 0.027767 
