2.5 -0.689288 0.0220695 -0.000329367 4.30017e-05 0.930786 0.0600423 -0.431325 0.079816 -3.58688e-05 2.58493e-05 -1.12735 0.319304 -0.420519 0.0920889 -6.1279e-05 5.07983e-05 -1.01212 2.34764 0.37724 0.100444 6.44669e-05 7.13698e-05 1.21753 2.02109 
7.5 -0.57568 0.0301477 -0.000314845 6.53717e-05 1.17442 0.0597274 -0.572787 0.0400827 -0.000158139 4.3962e-05 -0.853744 1.62891 -0.589048 0.0348164 -0.000352885 8.39056e-05 -0.729989 0.407967 -0.371554 0.118463 -8.83243e-05 0.000106844 1.3144 0.496785 
12.5 0.61254 0.0180454 0.000788591 9.73171e-05 0.882402 0.0512535 -0.513608 0.0451 -0.00016958 5.90656e-05 1.06059 0.129096 -0.442952 0.0697845 -0.000190161 0.000117255 1.16212 0.232683 0.380089 0.0907771 0.00016041 0.000156286 -1.34281 0.422256 
17.5 0.757998 0.00729921 0.00376529 0.000171618 0.994312 0.00498046 0.301059 0.192823 3.319e-05 9.20053e-05 -1.1843 1.69834 0.582256 0.0212131 0.000983983 0.000148686 0.779031 0.158173 0.586199 0.0210477 0.00142509 0.000211926 0.84226 0.0933038 
22.5 0.818619 0.00428145 0.00860871 0.000263804 0.989198 0.00165677 0.522203 0.0328314 0.000464642 0.000118959 -0.659651 0.814384 0.661069 0.0123314 0.00269108 0.000221508 0.901445 0.0242973 0.66903 0.0115874 0.00373707 0.000288951 0.907463 0.0210901 
27.5 0.837865 0.00355059 0.0142469 0.000394014 0.987241 0.00115692 0.578005 0.021283 0.00110627 0.000169237 0.5884 0.72782 0.703385 0.00921619 0.00538736 0.00033226 0.928688 0.0119498 0.721951 0.00807124 0.00782442 0.000425115 0.945675 0.00806887 
32.5 0.849992 0.00320088 0.0210447 0.000543737 0.988609 0.000947326 0.626039 0.0157292 0.00237442 0.000253596 0.881181 0.0415592 0.731104 0.00750316 0.00899627 0.000462496 0.94208 0.0075563 0.740101 0.00687976 0.0121721 0.000591468 0.935643 0.0074821 
37.5 0.863574 0.00273678 0.0315689 0.00076115 0.987706 0.000765306 0.684211 0.0103148 0.00518147 0.000359257 0.905279 0.0183908 0.782751 0.00516628 0.0179299 0.000686419 0.961635 0.00334852 0.787209 0.00489452 0.0221316 0.000831314 0.956842 0.00349411 
42.5 0.871478 0.00257245 0.0428101 0.00100537 0.986868 0.000720754 0.733876 0.00733053 0.0103185 0.000527452 0.929482 0.00862893 0.812684 0.00414663 0.0287099 0.000950672 0.967359 0.00225313 0.822239 0.00379797 0.0359641 0.00112828 0.970176 0.00192549 
47.5 0.87303 0.00251011 0.0559463 0.00131959 0.985212 0.000748982 0.780927 0.00516948 0.0206977 0.000802316 0.956936 0.00373302 0.84141 0.00327945 0.04723 0.00135789 0.973484 0.00149862 0.857081 0.00286059 0.0590013 0.00154828 0.978895 0.00108833 
52.5 0.886698 0.00218361 0.0779702 0.00170363 0.986972 0.000603466 0.812225 0.00406936 0.0343701 0.00113553 0.966074 0.00232109 0.868503 0.00262162 0.0715537 0.00178448 0.980362 0.000947554 0.86919 0.00259302 0.0773007 0.00192461 0.980063 0.000957599 
57.5 0.893895 0.00207165 0.102835 0.00219964 0.98638 0.000594598 0.850119 0.00304953 0.0601183 0.00165707 0.975219 0.00132217 0.879961 0.00238749 0.0914285 0.00215841 0.982018 0.000822058 0.884371 0.00229545 0.099444 0.00229714 0.982593 0.000768935 
62.5 0.906981 0.00187131 0.146 0.00294661 0.987027 0.000529814 0.869652 0.00264956 0.0891777 0.0022642 0.97783 0.00106515 0.893654 0.00213326 0.121381 0.00267487 0.984029 0.000688339 0.889581 0.00222712 0.115697 0.00262778 0.982616 0.000758517 
67.5 0.913231 0.00186717 0.184737 0.00370571 0.986159 0.000570711 0.877536 0.00259123 0.110849 0.00278482 0.976693 0.0011042 0.893965 0.00224725 0.134866 0.00307244 0.981474 0.000821517 0.881591 0.00251796 0.11527 0.00284163 0.977493 0.0010498 
72.5 0.899179 0.00239591 0.182587 0.00429148 0.978193 0.00102921 0.862356 0.00324065 0.110433 0.00323345 0.963021 0.00206374 0.86078 0.0032771 0.106596 0.00314758 0.962237 0.00212644 0.835729 0.00394652 0.0795802 0.00269704 0.946414 0.00350197 
77.5 0.848956 0.00408609 0.131185 0.00453438 0.939225 0.00420025 0.795751 0.00572887 0.0696393 0.00316161 0.87 0.0139521 0.766011 0.00689206 0.05241 0.0027889 0.765544 0.0430061 0.689876 0.0108346 0.0264753 0.00214516 -0.978134 0.0446131 
82.5 0.552856 0.0281861 0.0150503 0.00338672 -1.49766 0.0943197 -0.546693 0.0334458 -0.00935639 0.00208411 1.6261 0.0867273 -0.712135 0.0171774 -0.0204971 0.0015142 1.3034 0.0236009 -0.836369 0.0124695 -0.0275757 0.00102191 1.15357 0.0120273 
87.5 -1.11295 0.011073 -0.0724492 0.000733231 0.974205 0.00760318 -1.18321 0.0107734 -0.0572653 0.000757359 0.910635 0.00825592 -1.24794 0.0107698 -0.0482339 0.000826694 0.84414 0.0103588 -1.31741 0.0109699 -0.0395003 0.000857115 0.74452 0.0176817 
92.5 -1.94622 0.0238266 -0.0293175 0.00130606 -0.941904 0.00776234 -2.02358 0.0254218 -0.0195158 0.00102099 -0.976136 0.00733703 -2.10347 0.0272411 -0.0133512 0.000810877 -1.00706 0.0072331 -2.19249 0.0295498 -0.00945325 0.000662346 -1.03661 0.00736664 
97.5 -5.98473 0.649336 -0.000360784 0.000162381 -1.45701 0.0569647 -6.24872 0.752419 -0.000185356 9.23408e-05 -1.47969 0.0606194 -6.43917 0.794739 -8.72217e-05 4.91877e-05 -1.506 0.060564 -6.65543 0.813738 -3.83639e-05 2.49794e-05 -1.53933 0.0606352 
