0.5 0.346806 0.00431722 0.358778 0.00428203 0.390804 0.00442716 0.42273 0.0046701 
1.5 0.34824 0.00439314 0.372836 0.0045274 0.41153 0.00442686 0.424346 0.00454887 
2.5 0.356954 0.00453854 0.372126 0.0043928 0.4102 0.00464357 0.43152 0.00461367 
3.5 0.36575 0.00454093 0.388059 0.00457602 0.418022 0.00471984 0.439881 0.0047063 
4.5 0.374649 0.00448931 0.387554 0.00458027 0.419054 0.00474489 0.451043 0.00465326 
5.5 0.391296 0.00471596 0.397267 0.00476885 0.423389 0.00467296 0.451616 0.00473529 
6.5 0.392512 0.00488554 0.393493 0.00471338 0.433438 0.00471206 0.449966 0.00478233 
7.5 0.402524 0.00478649 0.409935 0.00476548 0.454838 0.00471626 0.460552 0.00469672 
8.5 0.412729 0.00494233 0.412681 0.00468117 0.445801 0.00487474 0.469606 0.00476464 
9.5 0.427351 0.0048911 0.428549 0.0049386 0.460208 0.00483275 0.485817 0.0048145 
10.5 0.438184 0.00496476 0.433576 0.00486765 0.466277 0.00497884 0.478009 0.00483417 
11.5 0.451421 0.0048538 0.447856 0.00497092 0.474903 0.00504643 0.491652 0.00492836 
12.5 0.454338 0.00497861 0.454054 0.00501091 0.483778 0.00491877 0.501837 0.00482808 
13.5 0.473187 0.00495829 0.464131 0.00504852 0.494382 0.00496591 0.512733 0.00497015 
14.5 0.479705 0.00514478 0.474515 0.0050613 0.514683 0.00494974 0.523813 0.00480145 
15.5 0.487628 0.00523299 0.481502 0.00527955 0.508967 0.00506701 0.523187 0.00489449 
16.5 0.510034 0.00519886 0.496447 0.00514204 0.527083 0.00496235 0.536403 0.00478697 
17.5 0.522403 0.00512419 0.513254 0.005066 0.531982 0.0048806 0.539846 0.00488498 
18.5 0.534178 0.00528462 0.515622 0.00511945 0.540993 0.00505775 0.548883 0.00491802 
19.5 0.544785 0.00533031 0.532351 0.00528624 0.559364 0.00494973 0.552821 0.00495556 
20.5 0.549286 0.00539352 0.534524 0.00521393 0.559299 0.00502042 0.556525 0.00492793 
21.5 0.572131 0.00519314 0.54546 0.00522433 0.571199 0.00496767 0.56303 0.00476442 
22.5 0.572594 0.00526883 0.552508 0.00529234 0.578569 0.00486055 0.574108 0.00484568 
23.5 0.588168 0.00523228 0.56018 0.00523578 0.577933 0.00489959 0.580984 0.00473007 
24.5 0.600616 0.00530552 0.570008 0.00523653 0.588729 0.0049911 0.581337 0.00484552 
25.5 0.616191 0.00533192 0.591788 0.00528844 0.599206 0.00499513 0.587964 0.00477343 
26.5 0.621926 0.00522023 0.593538 0.00522588 0.602387 0.00487113 0.588372 0.00470585 
27.5 0.612165 0.00532533 0.588291 0.00522946 0.597452 0.00492259 0.587363 0.00485208 
28.5 0.642536 0.00531282 0.613108 0.00527572 0.615811 0.00490277 0.596789 0.00480698 
29.5 0.642719 0.00533959 0.607935 0.00528957 0.609694 0.00495048 0.59076 0.00481015 
30.5 0.655284 0.00521706 0.620746 0.00521317 0.61544 0.00490627 0.59948 0.00487533 
31.5 0.651214 0.00526453 0.618348 0.00518777 0.612092 0.0049447 0.593184 0.00486326 
32.5 0.659893 0.00540495 0.624514 0.00537926 0.612066 0.00517712 0.593278 0.00498753 
33.5 0.680422 0.00528061 0.645362 0.00518488 0.628631 0.00490947 0.605465 0.00484185 
34.5 0.669279 0.00551095 0.629325 0.00539061 0.620541 0.00501758 0.588194 0.00494119 
35.5 0.676477 0.00552125 0.637468 0.00540731 0.613599 0.00520726 0.583918 0.00515438 
36.5 0.68136 0.00563782 0.634413 0.00560541 0.60997 0.00533815 0.576853 0.00528427 
37.5 0.691072 0.0055351 0.63873 0.00550389 0.614391 0.00526669 0.579329 0.00527298 
38.5 0.697172 0.00556784 0.641174 0.00559538 0.613247 0.00531639 0.571757 0.00536242 
39.5 0.689676 0.00573755 0.634137 0.00577677 0.605675 0.00556275 0.569197 0.005493 
40.5 0.68324 0.00588879 0.633729 0.00578449 0.600999 0.00567009 0.566084 0.00559618 
41.5 0.677054 0.006103 0.622264 0.00597306 0.589429 0.00581522 0.546227 0.00576836 
42.5 0.666134 0.00629521 0.617092 0.00619506 0.578478 0.00605195 0.542098 0.00596741 
43.5 0.660909 0.00653405 0.613742 0.00634623 0.568977 0.00618639 0.526516 0.00613993 
44.5 0.653439 0.00665629 0.597714 0.00657201 0.553582 0.0064019 0.510557 0.00635283 
45.5 0.639442 0.00694467 0.577605 0.00679665 0.534505 0.00662087 0.495557 0.00646499 
46.5 0.622808 0.00713994 0.57112 0.00689958 0.523073 0.00670631 0.476232 0.00655193 
47.5 0.626356 0.00724445 0.566448 0.00711143 0.526026 0.00679446 0.481907 0.00664687 
48.5 0.585173 0.00780639 0.526316 0.00745426 0.483456 0.00715057 0.440536 0.00692688 
49.5 0.584151 0.00783577 0.52773 0.00749323 0.476987 0.00723298 0.431906 0.00706289 
50.5 0.562747 0.00795855 0.505345 0.00756989 0.455693 0.00729821 0.409965 0.00709825 
51.5 0.545269 0.0082752 0.493156 0.00788509 0.443206 0.00766073 0.404379 0.00737304 
52.5 0.51239 0.00856688 0.458074 0.00804606 0.413812 0.00769999 0.371748 0.00741617 
53.5 0.523142 0.00840968 0.463021 0.00790528 0.41551 0.00760783 0.372721 0.00732123 
54.5 0.478283 0.00897959 0.423531 0.00847173 0.381597 0.00806812 0.341664 0.0076926 
55.5 0.450511 0.00912196 0.399581 0.00860779 0.35566 0.00823324 0.319528 0.00791224 
56.5 0.424036 0.00923279 0.375529 0.00862286 0.336142 0.00820962 0.298659 0.00787693 
57.5 0.407509 0.00936985 0.359505 0.00879205 0.319385 0.00836677 0.286748 0.00804932 
58.5 0.385928 0.00960144 0.342654 0.00895307 0.305939 0.00846413 0.270969 0.00804095 
59.5 0.367577 0.00984851 0.323704 0.00915794 0.286258 0.00859801 0.253917 0.00817019 
60.5 0.331855 0.00999462 0.292524 0.00932774 0.25963 0.00883308 0.229985 0.0083881 
61.5 0.297654 0.00991415 0.262572 0.00910561 0.229438 0.00859667 0.201016 0.00826599 
62.5 0.283325 0.00989043 0.246951 0.00910656 0.214237 0.00852759 0.189958 0.00809578 
63.5 0.272732 0.0101531 0.239186 0.00940036 0.211876 0.00882645 0.189064 0.00835719 
64.5 0.2624 0.0101908 0.227229 0.00936366 0.198069 0.0087536 0.172655 0.00825953 
65.5 0.239433 0.0101074 0.204426 0.00917452 0.175875 0.00849421 0.154781 0.00790362 
66.5 0.188269 0.0101597 0.161534 0.00927229 0.137793 0.00844858 0.119528 0.00791504 
67.5 0.184707 0.0105473 0.16215 0.0098529 0.146155 0.00924525 0.129479 0.00858671 
68.5 0.17461 0.0102384 0.150666 0.00943787 0.131847 0.00881742 0.117101 0.00847381 
69.5 0.162443 0.010403 0.136507 0.00944217 0.115326 0.00877272 0.101172 0.00847136 
70.5 0.151638 0.0103684 0.132407 0.00957962 0.11568 0.00889319 0.101516 0.0083071 
71.5 0.122964 0.010025 0.103941 0.00926099 0.0882411 0.00856104 0.0751719 0.00783548 
72.5 0.10106 0.0102559 0.085282 0.00937707 0.0736189 0.00883278 0.0648526 0.00836034 
73.5 0.0907287 0.0101973 0.0771761 0.00970188 0.0695132 0.0094468 0.0633883 0.00923887 
74.5 0.0936512 0.0104789 0.0761984 0.00927908 0.0656557 0.00826214 0.0581236 0.00803355 
75.5 0.0796053 0.0109498 0.0683288 0.0100921 0.0577158 0.00937763 0.049145 0.00876899 
76.5 0.0927437 0.0100434 0.0743765 0.00920317 0.0649177 0.00868425 0.0599964 0.00834513 
77.5 0.0699509 0.0108754 0.0589046 0.0102124 0.0515346 0.00967529 0.0453853 0.00918377 
78.5 0.0483039 0.0112235 0.0391725 0.0109943 0.0327875 0.0114023 0.0283331 0.0120225 
79.5 0.057667 0.011678 0.0497776 0.011524 0.0442421 0.0111889 0.0397343 0.0106513 
80.5 0.0258544 0.0102175 0.0187866 0.00818669 0.0149584 0.00532093 0.0110603 0.00385566 
81.5 0.0458496 0.0123818 0.0412871 0.0114437 0.03659 0.0106618 0.0322754 0.0100638 
82.5 0.0460392 0.00994397 0.0386027 0.00868329 0.0287546 0.00672674 0.0239435 0.00670764 
83.5 0.0236388 0.00995806 0.0168292 0.00805665 0.0140423 0.00909593 0.0141449 0.0117776 
84.5 0 0 0 0 0 0 0 0 
85.5 0 0 0 0 0 0 0 0 
86.5 0 0 0 0 0 0 0 0 
87.5 0 0 0 0 0 0 0 0 
88.5 0 0 0 0 0 0 0 0 
89.5 0 0 0 0 0 0 0 0 
90.5 0 0 0 0 0 0 0 0 
91.5 0 0 0 0 0 0 0 0 
92.5 0 0 0 0 0 0 0 0 
93.5 0 0 0 0 0 0 0 0 
94.5 0 0 0 0 0 0 0 0 
95.5 0 0 0 0 0 0 0 0 
96.5 0 0 0 0 0 0 0 0 
97.5 0 0 0 0 0 0 0 0 
98.5 0 0 0 0 0 0 0 0 
99.5 0 0 0 0 0 0 0 0 
