0.5 -0.631877 0.0632267 -0.000309759 0.00012046 0.976716 0.174499 -0.415524 0.257747 -3.00324e-05 5.50649e-05 0.913017 2.31714 0.387798 0.178493 4.76968e-05 9.46127e-05 -1.41107 0.789736 0.388228 0.181502 6.96402e-05 0.000140558 -1.33692 0.826259 
1.5 -0.674035 0.0485333 -0.000443608 0.000127421 1.0018 0.0894277 0.250775 0.639948 4.98551e-06 6.26317e-05 1.93482 4.42777 -0.426234 0.176578 -7.39814e-05 0.000110083 1.37421 0.605673 -0.393857 0.928102 -7.56424e-05 0.000179323 -1.27067 1.00216 
2.5 -0.626504 0.0553142 -0.000392216 0.000137172 1.05416 0.0931037 -0.484636 0.144199 -7.3117e-05 7.56897e-05 0.913521 0.811828 -0.487524 0.1061 -0.000123733 0.000103512 1.21278 0.23805 -0.329982 0.737116 -3.93827e-05 0.000157642 1.45375 4.64376 
3.5 -0.528772 0.0835592 -0.000222677 0.000135306 1.31458 0.194444 -0.630608 0.0913397 -0.000236605 0.000124339 -0.952274 2.0319 -0.456422 0.239329 -0.000117875 0.000171884 -1.20198 3.62931 -0.460921 0.146508 -0.000161077 0.000179583 1.28375 0.505482 
4.5 -0.518958 0.0888381 -0.000242117 0.000159858 1.30391 0.205014 -0.520151 0.107417 -0.000114365 8.77035e-05 1.01908 0.360122 -0.472044 0.125678 -0.000145164 0.000146175 1.12068 0.314458 -0.532922 0.0930188 -0.000336352 0.000226321 1.02464 0.229215 
5.5 -0.597833 0.0631892 -0.000472114 0.000196542 1.05683 0.115926 -0.567624 0.0788301 -0.000161823 8.72399e-05 0.932785 0.245302 -0.536283 0.0906998 -0.000272407 0.000177895 1.01504 0.224482 -0.606286 0.0701829 -0.000575055 0.000262757 0.500165 11.0464 
6.5 -0.513052 0.0914254 -0.000304881 0.00021075 1.28031 0.199622 -0.492554 0.120441 -9.94165e-05 8.88883e-05 1.24584 0.361005 -0.506853 0.112599 -0.000226687 0.000189702 1.00987 0.349912 -0.575984 0.0778467 -0.000561292 0.000292588 1.00833 0.206289 
7.5 -0.522167 0.0877861 -0.00035442 0.000228307 1.26855 0.206564 -0.24727 2.01697 -6.80844e-06 0.000117593 -2.64129 21.2135 -0.519735 0.104767 -0.000247359 0.000188723 1.00071 0.322212 0.297744 0.409364 3.72595e-05 0.000278344 1.94088 2.49225 
8.5 0.470651 0.109545 0.000286748 0.000279545 0.760755 2.51731 -0.556248 0.0972791 -0.000218524 0.000139884 0.964115 0.381819 -0.350893 0.829785 -6.59413e-05 0.000213806 1.56757 6.54391 -0.300014 1.0721 -4.57145e-05 0.000236916 2.0297 17.1842 
9.5 0.604291 0.0447807 0.000893322 0.000275619 0.985465 0.0841279 -0.30425 1.37335 -2.01496e-05 0.000121841 -1.65178 8.65452 -0.547606 0.0827506 -0.000431437 0.000249126 1.14244 0.197488 -0.324408 1.03369 -7.14242e-05 0.000308782 1.69863 7.75285 
10.5 0.638189 0.0326057 0.00129174 0.00028486 0.872365 0.0905332 -0.575056 0.0833698 -0.000267711 0.000149302 0.586596 9.70567 -0.600809 0.0669039 -0.000658701 0.000288269 0.967936 0.159332 -0.466261 0.148615 -0.000290873 0.000337146 1.03005 0.535406 
11.5 0.636231 0.0398739 0.00139871 0.000365392 1.03146 0.0728723 -0.61518 0.0661451 -0.000382895 0.000159931 0.975723 0.179997 -0.449386 0.139416 -0.000250616 0.000291625 1.35141 0.402239 -0.304175 1.02591 -6.58865e-05 0.000345112 1.90537 9.84063 
12.5 0.704893 0.0202386 0.00232897 0.000312912 0.946938 0.0219019 -0.573582 0.0858361 -0.000329545 0.000185147 0.97752 0.29167 -0.543357 0.0862098 -0.000569106 0.00034754 1.13758 0.193146 -0.319463 1.36827 -8.84038e-05 0.000465789 -1.54652 7.22141 
13.5 0.710558 0.0227379 0.00323031 0.00045642 0.994215 0.0205611 -0.57854 0.179582 -0.000417303 0.000375965 -1.32063 0.202846 0.43011 0.141138 0.000280258 0.000403573 1.07231 2.07273 0.532411 0.0804013 0.000798014 0.000500565 1.20972 0.181599 
14.5 0.766585 0.0141922 0.00470538 0.000447633 0.974309 0.0080458 0.247536 0.639351 1.52206e-05 0.000177545 -2.57706 6.76588 0.520107 0.0628819 0.000623971 0.000313129 -1.15556 0.23742 0.508588 0.0715264 0.000729406 0.000422469 -1.09998 0.295241 
15.5 0.775614 0.0137818 0.00541442 0.000489288 0.984917 0.00715277 -0.396559 0.644255 -0.000108089 0.000233377 -1.15659 1.42022 0.562829 0.0518143 0.000950274 0.000363166 -0.705165 0.894215 0.419977 0.13517 0.000370087 0.00049325 -1.32511 0.577934 
16.5 0.79999 0.0110814 0.00764031 0.00057639 0.991205 0.00433898 0.495575 0.0818332 0.000303126 0.000205617 -0.945247 0.523539 0.588559 0.0468844 0.00135035 0.000444079 0.986453 0.0729642 0.573914 0.0463038 0.00143174 0.000483776 -0.775826 0.489362 
17.5 0.826961 0.0090442 0.00860157 0.000567313 0.988736 0.00331629 -0.304001 1.06258 -3.93441e-05 0.000199168 2.00646 13.3743 0.560676 0.0604739 0.00114368 0.000511546 0.924026 0.188685 0.516002 0.0665744 0.00106549 0.000568003 -1.11011 0.269371 
18.5 0.841452 0.00811862 0.0113174 0.000680186 0.992477 0.00251746 0.504066 0.0715954 0.000371995 0.000217572 -1.15958 0.280687 0.585845 0.0430349 0.00159395 0.000493601 -0.768746 0.46531 0.591207 0.0422005 0.00189299 0.000573843 -0.849555 0.285092 
19.5 0.833078 0.00835989 0.0117012 0.000732197 0.99034 0.00271528 0.19566 1.57852 8.87339e-06 0.000272989 -2.67727 31.9528 0.663065 0.0278263 0.00281245 0.000519413 0.911126 0.0487587 0.539323 0.0587426 0.0013567 0.000610883 -0.940046 0.325801 
20.5 0.83827 0.00799145 0.0133928 0.000822156 0.988829 0.00246911 -0.373043 0.716158 -0.000120018 0.000326151 1.3478 4.32254 0.691146 0.0245946 0.00372486 0.000588479 0.960583 0.0245985 0.688119 0.0243559 0.00400875 0.000638369 0.935147 0.0323589 
21.5 0.863149 0.0070373 0.0169969 0.000902876 0.995298 0.00243222 0.603455 0.0402823 0.0010803 0.000305887 0.731064 0.390592 0.658935 0.0284794 0.00332718 0.000631576 0.902576 0.0547927 0.64263 0.0305847 0.0034111 0.000705757 0.877679 0.0817145 
22.5 0.850756 0.00711532 0.0180463 0.000999838 0.994074 0.00189253 0.584944 0.0458986 0.00101662 0.000332947 0.758333 0.370034 0.690388 0.0219932 0.00467306 0.000687589 0.926386 0.0314152 0.674804 0.02427 0.00455579 0.000741066 0.913329 0.04181 
23.5 0.854962 0.00667677 0.0196549 0.00109687 0.988881 0.00199365 0.473127 0.0984258 0.000444861 0.000380494 -0.891263 0.873698 0.726888 0.0178157 0.0064946 0.000777073 0.946587 0.0169762 0.659273 0.0270726 0.00452731 0.000826916 0.883919 0.063929 
24.5 0.872173 0.00572652 0.0227613 0.00115139 0.990844 0.0014005 0.616087 0.0378541 0.0014991 0.000389473 0.871879 0.112335 0.725566 0.0193464 0.00652284 0.000806366 0.976173 0.0142652 0.742552 0.0158098 0.00823355 0.000898079 0.944457 0.0145343 
25.5 0.868507 0.00583471 0.0246001 0.00125702 0.991251 0.00142703 0.519012 0.0772786 0.000767826 0.000471476 0.787544 0.643486 0.713575 0.0186445 0.0068347 0.000875738 0.916035 0.027459 0.651659 0.0278767 0.00481968 0.000917808 0.836123 0.104455 
26.5 0.881933 0.00529846 0.0286335 0.00134619 0.993623 0.00122656 0.573683 0.0499061 0.00139202 0.000505201 -0.568205 7.73105 0.76101 0.0140459 0.00997721 0.000962916 0.966584 0.00912179 0.707271 0.0194408 0.00800223 0.0010528 0.930279 0.0250431 
27.5 0.873509 0.00548328 0.0265888 0.00131477 0.991706 0.00135636 0.639132 0.0309913 0.00212604 0.000448578 0.852776 0.103414 0.760675 0.013858 0.0100599 0.000970326 0.962478 0.0094753 0.691573 0.02092 0.00743605 0.00107919 0.869193 0.053991 
28.5 0.881414 0.00518111 0.0330613 0.00155953 0.992924 0.00113306 0.600686 0.0398257 0.00195031 0.000543494 0.845979 0.161284 0.746824 0.0148911 0.010577 0.0011256 0.9311 0.0169839 0.746269 0.0146126 0.0119819 0.00125528 0.936002 0.0157191 
29.5 0.878061 0.00528795 0.0359335 0.00173207 0.992193 0.00123041 0.667393 0.0307052 0.00324103 0.000631991 0.996325 0.0295325 0.799169 0.0106216 0.0167904 0.00131723 0.972588 0.00526721 0.748282 0.0152443 0.0123901 0.00130094 0.952518 0.0124004 
30.5 0.889179 0.00492445 0.0389331 0.00180557 0.991476 0.00110409 0.656845 0.0287862 0.00330215 0.000632379 0.912728 0.0512593 0.809838 0.00982774 0.018809 0.00140729 0.972359 0.00481587 0.776812 0.0118686 0.0159499 0.00139705 0.960109 0.00814009 
31.5 0.878844 0.00539029 0.0362119 0.00179806 0.989477 0.0013855 0.690274 0.0224511 0.00438292 0.000662435 0.900881 0.0402013 0.792433 0.0109123 0.0159979 0.00129194 0.969753 0.00590288 0.765101 0.0129348 0.015493 0.00147536 0.944326 0.0116982 
32.5 0.888819 0.00481451 0.0453214 0.00208507 0.991818 0.0010655 0.674655 0.025152 0.00440242 0.00073794 0.911007 0.0433119 0.797691 0.0106296 0.0199915 0.00161063 0.963746 0.00636526 0.759338 0.0131609 0.0161018 0.00156471 0.940604 0.0128616 
33.5 0.883913 0.00504645 0.0445985 0.00214319 0.98997 0.00123063 0.643315 0.0294106 0.00422461 0.000859058 0.72726 0.261944 0.802674 0.0100182 0.0212008 0.00163862 0.967415 0.00561512 0.786278 0.0111717 0.0204296 0.00175073 0.952186 0.00848686 
34.5 0.881723 0.00522924 0.0455066 0.00224016 0.988916 0.00133003 0.686739 0.0219948 0.00585796 0.000877903 0.893822 0.0446737 0.796042 0.0103858 0.0211758 0.00166242 0.970226 0.00558006 0.770046 0.0123593 0.0199478 0.00185617 0.941701 0.0116677 
35.5 0.890456 0.00462541 0.0522832 0.00237643 0.991728 0.00102023 0.698899 0.0209982 0.00678586 0.000963468 0.909071 0.0340442 0.80102 0.0100283 0.0242147 0.00190739 0.961565 0.00634378 0.797563 0.00991702 0.0244969 0.00192334 0.962571 0.00630879 
36.5 0.894232 0.00461592 0.0576177 0.00261093 0.991066 0.00102921 0.696646 0.0200097 0.00682301 0.000958111 0.862019 0.0539598 0.810906 0.00924613 0.027631 0.00205912 0.965681 0.00521144 0.800569 0.00997794 0.0263723 0.00206262 0.96359 0.00612068 
37.5 0.890766 0.00460951 0.0605794 0.00278138 0.990734 0.0010626 0.707593 0.0190011 0.00879631 0.00115278 0.91038 0.0307187 0.809018 0.00945277 0.0288033 0.00218104 0.963974 0.00565519 0.819406 0.00852565 0.0324934 0.00226497 0.973154 0.00411595 
38.5 0.893006 0.00457103 0.0620002 0.00285429 0.989833 0.00109236 0.754456 0.0144752 0.0117122 0.00118064 0.954793 0.0113497 0.839622 0.00744088 0.0381901 0.0024308 0.976951 0.00305723 0.838463 0.0075255 0.0397421 0.00255093 0.976311 0.00313172 
39.5 0.892084 0.00464709 0.0641883 0.00300208 0.988936 0.00115516 0.769622 0.0128708 0.014805 0.00137591 0.954639 0.00979581 0.842031 0.00733772 0.0399982 0.00256147 0.974132 0.00324887 0.844686 0.00702167 0.0436068 0.00273484 0.974988 0.00300598 
40.5 0.891865 0.00466302 0.0670349 0.00317103 0.988007 0.00121286 0.745059 0.0147952 0.0135375 0.00145421 0.920562 0.0193701 0.845929 0.00711744 0.0420044 0.00261062 0.977109 0.00292518 0.82314 0.00840771 0.0377094 0.00267459 0.96598 0.00470869 
41.5 0.893218 0.00451462 0.0730311 0.0033941 0.988739 0.00114038 0.761347 0.0129736 0.0180592 0.00173816 0.940829 0.0127766 0.841586 0.00733924 0.0480336 0.0031289 0.970692 0.00363122 0.841052 0.00742662 0.0490657 0.00321387 0.970389 0.00368313 
42.5 0.903138 0.00413757 0.082185 0.00359266 0.990249 0.000970815 0.762866 0.0130596 0.0175079 0.00165879 0.952089 0.0107365 0.844896 0.00711213 0.0488876 0.003083 0.974559 0.00313777 0.830041 0.00790276 0.0446191 0.00306445 0.966984 0.00428194 
43.5 0.897161 0.00442383 0.0831598 0.00380281 0.988921 0.00109893 0.749226 0.014126 0.0168663 0.00169844 0.949765 0.0127214 0.854997 0.00656817 0.05598 0.00336294 0.976674 0.00268317 0.835707 0.00748292 0.0478839 0.00315114 0.971446 0.00362255 
44.5 0.891492 0.00475589 0.0829264 0.00398209 0.987041 0.00132091 0.77287 0.0116492 0.0226102 0.00201956 0.947766 0.0102347 0.851791 0.00687728 0.0571009 0.00356017 0.973019 0.00321782 0.84942 0.00688024 0.0571278 0.00358011 0.972713 0.00323687 
45.5 0.901282 0.00420365 0.0914025 0.00406873 0.989459 0.00103524 0.777274 0.0115478 0.024167 0.00216506 0.941548 0.010837 0.866328 0.00600129 0.0638881 0.00361111 0.97978 0.00223305 0.847366 0.00699938 0.054594 0.00343592 0.973367 0.00319413 
46.5 0.896915 0.00447968 0.0899935 0.00417767 0.987871 0.00119795 0.806202 0.0096664 0.0295553 0.00226717 0.963635 0.00582162 0.865093 0.00613509 0.0651036 0.00372876 0.978927 0.00235544 0.868749 0.00596276 0.0683562 0.00385828 0.979142 0.00224918 
47.5 0.898608 0.0044192 0.10055 0.00465982 0.987421 0.00119485 0.814278 0.00902019 0.035524 0.00265342 0.960875 0.00577027 0.86522 0.00602636 0.0705315 0.00403451 0.978432 0.00234983 0.866815 0.00599846 0.0730389 0.00418089 0.977751 0.00237687 
48.5 0.89627 0.00446787 0.105188 0.00493243 0.98707 0.00123908 0.822803 0.00849317 0.0428157 0.00306457 0.964495 0.00493604 0.873049 0.00571118 0.0807535 0.00446576 0.979562 0.00215319 0.870763 0.00580175 0.0792208 0.00443879 0.978781 0.00223761 
49.5 0.902035 0.00421981 0.114548 0.00517032 0.988217 0.00111332 0.820182 0.00869965 0.0440745 0.00323038 0.960808 0.00560282 0.880211 0.00533202 0.088679 0.00468858 0.981739 0.00185619 0.868593 0.00600372 0.08062 0.00463571 0.976646 0.00251287 
50.5 0.901461 0.00433812 0.116522 0.00534779 0.987346 0.0011817 0.835908 0.00756905 0.0506528 0.00336545 0.969989 0.00381624 0.888988 0.00493026 0.0936011 0.00468432 0.984148 0.00158056 0.874364 0.0056513 0.079693 0.00438752 0.979527 0.00208751 
51.5 0.902326 0.0043389 0.122413 0.00564499 0.986747 0.00125895 0.844923 0.00717113 0.0578356 0.00371288 0.971421 0.0034991 0.882703 0.0052757 0.0931191 0.0049009 0.981435 0.00187169 0.871181 0.00584277 0.0825361 0.0046599 0.977807 0.00235485 
52.5 0.902358 0.00434121 0.12559 0.00577631 0.986976 0.00123946 0.854109 0.00678322 0.0682442 0.00423213 0.97271 0.00322775 0.873352 0.00583565 0.0883817 0.00498998 0.977229 0.00239161 0.880675 0.00542779 0.0926571 0.00498825 0.979824 0.00203611 
53.5 0.907715 0.00416751 0.136579 0.00611922 0.987412 0.00117864 0.863116 0.00618386 0.0729278 0.00423027 0.977778 0.00247289 0.886111 0.00512062 0.0998556 0.00515656 0.982166 0.00176951 0.881476 0.00531223 0.0934464 0.00495525 0.980977 0.00189184 
54.5 0.900059 0.00460717 0.132202 0.00633759 0.98469 0.00147431 0.846415 0.00748046 0.0678631 0.00452612 0.965238 0.00433042 0.88291 0.00552714 0.100044 0.00540347 0.979374 0.00215688 0.875076 0.00603835 0.089575 0.00512759 0.975921 0.00264722 
55.5 0.898719 0.00482674 0.139389 0.00688461 0.982893 0.00167432 0.853715 0.00703958 0.0775975 0.00497451 0.96821 0.00381354 0.87854 0.00586399 0.101254 0.00571701 0.97612 0.002562 0.872657 0.006061 0.0909221 0.00524866 0.97537 0.0027155 
56.5 0.900079 0.00478608 0.143558 0.00702512 0.983368 0.0016476 0.844136 0.00757904 0.0741105 0.00502253 0.962984 0.00466766 0.874439 0.00605379 0.099514 0.00575575 0.974589 0.00275521 0.863377 0.00655345 0.0863516 0.00528599 0.97103 0.00331338 
57.5 0.900449 0.0048814 0.153864 0.00764411 0.982129 0.00177503 0.855292 0.00716413 0.085187 0.00553409 0.965973 0.00415915 0.878168 0.00601444 0.10611 0.00607745 0.974949 0.00277174 0.862562 0.00686469 0.0865447 0.00544455 0.968305 0.00376245 
58.5 0.891904 0.00550976 0.148414 0.00797912 0.977789 0.00236423 0.851434 0.00747258 0.0844283 0.00564766 0.963071 0.00468515 0.867024 0.00669873 0.098535 0.006093 0.969244 0.00363062 0.853666 0.00752314 0.0828632 0.00556684 0.961883 0.00485426 
59.5 0.899246 0.00516341 0.161436 0.00827524 0.980214 0.00205888 0.865255 0.00659138 0.098694 0.00606803 0.97001 0.00346158 0.87617 0.00612707 0.107904 0.00627066 0.973864 0.00292161 0.866858 0.00667041 0.0922904 0.00567488 0.970123 0.00353616 
60.5 0.885363 0.00604647 0.147557 0.00847062 0.973076 0.00300952 0.843101 0.00820908 0.0828901 0.0059567 0.953907 0.00628412 0.853769 0.00774135 0.0903236 0.00619663 0.958719 0.00541156 0.830562 0.00913377 0.0681366 0.00529583 0.943095 0.00856299 
61.5 0.886346 0.00592405 0.150075 0.00850239 0.97411 0.00286077 0.846054 0.00822454 0.0890055 0.00639947 0.953046 0.00641721 0.859302 0.00750051 0.0966245 0.00646779 0.960999 0.00500688 0.835144 0.0089678 0.0730599 0.00559701 0.944673 0.00817819 
62.5 0.871296 0.00718455 0.139943 0.00904921 0.96291 0.00469093 0.812325 0.0108569 0.0705584 0.00628241 0.914242 0.0157555 0.826723 0.00994026 0.0771925 0.00639916 0.92956 0.0116815 0.78693 0.012827 0.0504003 0.00513898 0.871819 0.030345 
63.5 0.856204 0.0082298 0.123716 0.00886191 0.951255 0.00680139 0.804617 0.0116298 0.0668226 0.00627925 0.899221 0.0203918 0.800425 0.0120398 0.0619426 0.00599255 0.889164 0.0236778 0.763943 0.0152039 0.0418938 0.00492884 0.782944 0.0814101 
64.5 0.851542 0.00854761 0.122079 0.00901306 0.946968 0.00763373 0.803463 0.0117329 0.0677521 0.0064118 0.897063 0.0211234 0.800067 0.0121363 0.0620331 0.00602407 0.888802 0.0240428 0.748049 0.0169836 0.0372517 0.0048191 0.632715 0.312561 
65.5 0.842372 0.00942124 0.112189 0.00888692 0.935877 0.0101898 0.783996 0.0137563 0.0588541 0.00635084 0.840785 0.0443422 0.767652 0.0153285 0.0486278 0.00574767 0.775452 0.0877846 0.70085 0.0228517 0.0269391 0.00460489 -0.935249 0.105242 
66.5 0.822633 0.0111545 0.103919 0.00941474 0.905385 0.0183037 0.769121 0.0154564 0.0550093 0.00655413 0.761621 0.0991469 0.741584 0.0183329 0.0410273 0.00569471 -0.691221 0.261293 0.671995 0.0275922 0.0212032 0.00436287 -1.05748 0.0980205 
67.5 0.754373 0.0180002 0.0625192 0.00850323 -0.655885 0.326572 0.667263 0.0293838 0.0265826 0.00581889 -1.09668 0.0989303 0.592587 0.0451947 0.0138307 0.00483031 -1.32564 0.142031 0.350541 0.242733 0.00132559 0.00373781 -2.38994 1.70669 
68.5 0.743195 0.0196254 0.0581042 0.00853505 -0.801156 0.14966 0.591779 0.0462778 0.0150721 0.00539111 -1.33878 0.145321 0.437836 0.124395 0.0037557 0.00444709 -1.90803 0.585125 -0.572691 0.0630503 -0.00817899 0.00321551 1.54168 0.144205 
69.5 0.659338 0.032533 0.0315813 0.00763817 -1.15342 0.103469 0.446768 0.11885 0.00451542 0.00502126 -1.87448 0.54167 -0.527592 0.0802939 -0.00700789 0.00392898 1.66689 0.224215 -0.680784 0.0416933 -0.0147992 0.00290677 1.3416 0.0632792 
70.5 0.552925 0.0619968 0.014312 0.0070952 -1.49142 0.207095 -0.379762 0.208546 -0.00222592 0.00476786 2.27698 1.20824 -0.629144 0.0515797 -0.0130875 0.00364474 1.43913 0.0955335 -0.73052 0.0363379 -0.01828 0.00272873 1.27558 0.0468707 
71.5 -0.497525 0.100237 -0.0079972 0.00604051 1.78717 0.326888 -0.71171 0.0395016 -0.0225354 0.00382969 1.31302 0.0548173 -0.796134 0.0313311 -0.0272188 0.00284689 1.20545 0.0335269 -0.879708 0.0262543 -0.0290404 0.00197615 1.1167 0.0231238 
72.5 -0.486944 0.108009 -0.00765564 0.00640268 1.829 0.371228 -0.715342 0.0393848 -0.0232144 0.00389282 1.31047 0.0541471 -0.814557 0.0301892 -0.0295027 0.00280026 1.18675 0.0308246 -0.906829 0.0253599 -0.0319908 0.00193838 1.09384 0.021324 
73.5 -0.753116 0.0372371 -0.0350767 0.00496884 1.27633 0.0460183 -0.854858 0.0290527 -0.0385428 0.00304303 1.15802 0.0270076 -0.917902 0.0259953 -0.0376397 0.00215525 1.09677 0.021327 -0.981557 0.0240268 -0.0348482 0.00156642 1.04099 0.0183129 
74.5 -0.82879 0.0315084 -0.0448619 0.00419262 1.1928 0.03137 -0.941533 0.0257112 -0.0471359 0.0023616 1.08357 0.0203204 -1.00405 0.0239301 -0.0439006 0.00171877 1.02988 0.0178175 -1.07555 0.02284 -0.0398359 0.00143246 0.971041 0.0170838 
75.5 -0.95399 0.026406 -0.0594094 0.00282146 1.08423 0.0203252 -1.02745 0.0243395 -0.0530247 0.00181636 1.02181 0.0175388 -1.0807 0.0234772 -0.0473374 0.00149494 0.978032 0.016991 -1.13265 0.0230614 -0.0414285 0.0014089 0.933898 0.0176694 
76.5 -0.961341 0.0261215 -0.0588054 0.00267065 1.07776 0.0199135 -1.06015 0.0235814 -0.051221 0.00165051 0.993025 0.0170349 -1.11681 0.0230438 -0.0447242 0.00146475 0.946756 0.0173529 -1.18282 0.0229995 -0.0377336 0.00144884 0.888665 0.0197945 
77.5 -1.08231 0.0247281 -0.0682361 0.0017432 0.993579 0.0170404 -1.14917 0.0238345 -0.054923 0.00158225 0.934636 0.0175755 -1.20112 0.0236835 -0.0458158 0.00158269 0.886489 0.019748 -1.26239 0.0237979 -0.037164 0.00161061 0.816379 0.0264704 
78.5 -1.18374 0.024962 -0.0726998 0.00164931 0.92474 0.0179519 -1.26296 0.0248468 -0.0569209 0.00193757 0.846013 0.0230771 -1.32373 0.0253026 -0.0468478 0.00200414 0.767533 0.0347142 -1.37895 0.0259922 -0.0379517 0.00194741 0.64106 0.0833037 
79.5 -1.26475 0.0258533 -0.0700439 0.00192904 0.863781 0.0215733 -1.32542 0.0259947 -0.0525329 0.00207634 0.784029 0.0315212 -1.3902 0.0266838 -0.0413321 0.00206273 0.641664 0.0826086 -1.45214 0.0276744 -0.0319425 0.00192422 -0.648582 0.0752434 
80.5 -1.30665 0.0265146 -0.067634 0.00213352 0.826463 0.0254233 -1.37745 0.0269067 -0.0493408 0.00227379 0.699626 0.0536793 -1.44621 0.0278802 -0.0387854 0.0022074 -0.591981 0.117442 -1.5193 0.029497 -0.0296271 0.0020274 -0.762958 0.0345485 
81.5 -1.36841 0.027713 -0.0652106 0.00244458 0.758045 0.0371039 -1.43747 0.0283648 -0.0467874 0.00241301 0.447028 0.599041 -1.50577 0.0297545 -0.0362522 0.00226422 -0.719862 0.0457145 -1.57428 0.0313749 -0.027445 0.00205211 -0.812587 0.0261449 
82.5 -1.52225 0.0319046 -0.0551966 0.00298525 -0.669904 0.0657497 -1.59497 0.0335133 -0.0399744 0.00269275 -0.79289 0.0295049 -1.65796 0.0354182 -0.0302994 0.00237881 -0.84947 0.0221019 -1.72716 0.0378094 -0.0227181 0.00206826 -0.894952 0.0184042 
83.5 -1.66089 0.0372629 -0.0440811 0.0030685 -0.822479 0.0254993 -1.73761 0.0395223 -0.0308589 0.00258956 -0.88131 0.0196153 -1.81349 0.0424809 -0.0218447 0.00212191 -0.921715 0.0173741 -1.88284 0.0454921 -0.0155893 0.00172801 -0.953757 0.016212 
84.5 -1.76059 0.0420274 -0.0398267 0.00318087 -0.875795 0.0204515 -1.84654 0.0454199 -0.0286987 0.00273135 -0.922487 0.0176103 -1.9264 0.0491014 -0.0214215 0.00235279 -0.957066 0.0164248 -2.00011 0.0525864 -0.0161663 0.00202134 -0.986237 0.0159625 
85.5 -1.99938 0.0565292 -0.0288008 0.00307124 -0.959608 0.0171169 -2.09711 0.0626588 -0.0200078 0.00245628 -0.991196 0.0167906 -2.15581 0.0665737 -0.0152805 0.00203243 -1.00853 0.016842 -2.22207 0.0713581 -0.011232 0.00161943 -1.02606 0.0171942 
86.5 -2.0244 0.0577812 -0.0242681 0.00272625 -0.970252 0.0168069 -2.12389 0.0634876 -0.0154735 0.00204368 -1.00477 0.0165989 -2.21532 0.0692195 -0.0105433 0.00161116 -1.0342 0.0167964 -2.29968 0.0748026 -0.00716607 0.00125442 -1.06078 0.0173766 
87.5 -2.34654 0.086373 -0.0166191 0.00250512 -1.0399 0.0181778 -2.44781 0.0950388 -0.0112652 0.00193863 -1.0658 0.0189625 -2.51265 0.100061 -0.00784349 0.00152073 -1.0867 0.019286 -2.59043 0.105575 -0.00551449 0.00122876 -1.11221 0.0202801 
88.5 -2.43734 0.0922582 -0.0117706 0.00206431 -1.06849 0.0186729 -2.59721 0.106797 -0.00739343 0.00155201 -1.10477 0.0208219 -2.74288 0.12275 -0.00488107 0.00119712 -1.13511 0.0228006 -2.85112 0.134983 -0.00338148 0.000945869 -1.15996 0.0241821 
89.5 -2.63829 0.119018 -0.00848635 0.00170418 -1.09759 0.0206409 -2.77616 0.131043 -0.0049323 0.00121188 -1.13525 0.0232326 -2.93609 0.151235 -0.0030242 0.000913193 -1.17363 0.0276888 -3.10049 0.178688 -0.00196141 0.000734744 -1.21466 0.0339738 
90.5 -2.85219 0.149261 -0.0061464 0.0014484 -1.13119 0.0234392 -2.97298 0.158015 -0.00342416 0.000970903 -1.16592 0.0257708 -3.12513 0.175036 -0.00197241 0.000660929 -1.19917 0.0294591 -3.25991 0.195452 -0.00119355 0.000455904 -1.2252 0.0327791 
91.5 -3.56764 0.289227 -0.0028878 0.00108075 -1.22944 0.0383103 -3.75065 0.33127 -0.00179381 0.000757377 -1.25542 0.0444851 -3.879 0.365899 -0.0011159 0.000518476 -1.27377 0.0461802 -3.99888 0.387046 -0.000679467 0.000354271 -1.29653 0.0482865 
92.5 -4.4972 0.553175 -0.000696198 0.000456345 -1.34859 0.0586714 -4.74699 0.573028 -0.000337629 0.000261144 -1.38614 0.0477672 -5.08208 0.585183 -0.000172392 0.000150584 -1.41719 0.0534402 -5.13157 0.623048 -9.77757e-05 8.90152e-05 -1.42863 0.0714862 
93.5 -3.98398 0.41407 -0.00148617 0.000723853 -1.28171 0.0473051 -4.27203 0.466951 -0.000815963 0.000535206 -1.34304 0.05984 -4.65753 0.581892 -0.000517868 0.0004253 -1.39871 0.0812738 -5.04282 0.778182 -0.000361832 0.000333627 -1.43204 0.10012 
94.5 -nan nan 0 0 -nan nan -nan nan 0 0 -nan nan -nan nan 0 0 -nan nan -nan nan 0 0 -nan nan 
95.5 -6.21814 nan -9.53311e-05 9.5331e-05 -1.45871 0.448703 -6.21814 nan -1.30878e-05 1.30878e-05 -1.45871 nan -6.21814 nan -1.07249e-06 1.07249e-06 -1.45871 nan -6.21814 nan -6.09558e-08 6.09557e-08 -1.45871 nan 
96.5 -nan nan 0 0 -nan nan -nan nan 0 0 -nan nan -nan nan 0 0 -nan nan -nan nan 0 0 -nan nan 
97.5 -nan nan 0 0 -nan nan -nan nan 0 0 -nan nan -nan nan 0 0 -nan nan -nan nan 0 0 -nan nan 
98.5 -nan nan 0 0 -nan nan -nan nan 0 0 -nan nan -nan nan 0 0 -nan nan -nan nan 0 0 -nan nan 
99.5 -nan nan 0 0 -nan nan -nan nan 0 0 -nan nan -nan nan 0 0 -nan nan -nan nan 0 0 -nan nan 
