0.5 -0.000447303 6.71572e-05 -4.15545e-06 1.61898e-06 -0.000161561 4.51755e-05 -5.79987e-06 1.02865e-06 -0.000392994 8.27665e-05 -1.292e-05 2.37609e-06 -0.000361811 0.000117034 -2.62483e-05 4.18964e-06 
1.5 -0.00044003 8.76967e-05 -1.75422e-06 5.15646e-06 -0.000208606 5.40096e-05 -5.10535e-06 1.40346e-06 -0.000308482 8.79057e-05 -1.55416e-05 2.90186e-06 -0.000465861 0.000120965 -2.6776e-05 4.22128e-06 
2.5 -0.000564554 7.69603e-05 -6.60991e-06 2.02412e-06 -0.000278776 5.33816e-05 -6.93198e-06 1.22646e-06 -0.000590638 0.000109928 -1.31012e-05 3.39529e-06 -0.000294714 0.000135147 -3.00566e-05 5.73568e-06 
3.5 -0.00045138 7.38699e-05 -1.10599e-05 1.98976e-06 -0.000221773 6.05388e-05 -8.24415e-06 1.46907e-06 -0.000374605 0.00011058 -1.32301e-05 3.59136e-06 -0.000510073 0.000144209 -3.93782e-05 5.83146e-06 
4.5 -0.000508164 8.31824e-05 -1.41525e-05 2.90065e-06 -0.000283466 7.45383e-05 -6.93857e-06 2.58641e-06 -0.000541931 0.000124029 -1.86533e-05 4.84951e-06 -0.00037812 0.000188613 -2.11642e-05 8.50684e-06 
5.5 -0.000516157 8.13699e-05 -1.50865e-05 2.6993e-06 -0.000264941 6.72435e-05 -9.21514e-06 2.00713e-06 -0.000390227 0.000103793 -2.08205e-05 3.39326e-06 -0.000566804 0.000180257 -2.80646e-05 6.70103e-06 
6.5 -0.000661487 9.55441e-05 -2.07254e-05 3.03272e-06 -0.000414555 7.52365e-05 -1.05878e-05 1.87394e-06 -0.000377026 0.000112438 -2.34621e-05 3.92804e-06 -0.000578051 0.000159987 -5.14623e-05 7.23428e-06 
7.5 -0.000996636 0.000128795 -2.52529e-05 4.90877e-06 -0.000500153 9.28291e-05 -8.91996e-06 2.81903e-06 -0.00051558 0.000119585 -3.28228e-05 4.72302e-06 -0.000771019 0.00017504 -5.84883e-05 7.65241e-06 
8.5 -0.000551491 9.92957e-05 -3.16528e-05 3.70361e-06 -0.000413119 9.18802e-05 -8.18911e-06 2.53252e-06 -0.000557899 0.000144605 -3.6871e-05 6.02242e-06 -0.000976353 0.000215319 -6.33712e-05 1.02029e-05 
9.5 -0.000375179 0.000111176 -3.00409e-05 3.88703e-06 -0.000467731 9.2393e-05 -1.79763e-05 2.80598e-06 -0.000619954 0.000153137 -3.52869e-05 6.13296e-06 -0.000437351 0.000195955 -5.71996e-05 9.92206e-06 
10.5 -0.000419875 0.000147226 -3.80342e-05 6.4632e-06 -0.000425511 0.000112753 -1.08681e-05 3.79585e-06 -0.000599505 0.000176063 -3.42921e-05 7.24087e-06 -0.000684495 0.000223601 -7.99989e-05 1.16355e-05 
11.5 -0.000446136 0.000130099 -4.48522e-05 5.69156e-06 -0.000404001 0.000113106 -1.57748e-05 4.75141e-06 -0.000360632 0.00016585 -4.40723e-05 7.62025e-06 -0.000772392 0.000242635 -8.48034e-05 1.37179e-05 
12.5 -0.000391272 0.000147386 -4.78287e-05 6.71011e-06 -0.000450246 0.000104408 -2.69992e-05 4.14884e-06 -0.000529171 0.000163848 -7.15601e-05 8.42189e-06 -0.000469119 0.000228537 -8.2566e-05 1.2468e-05 
13.5 -0.00021005 0.000193318 -4.59542e-05 8.97222e-06 -0.00048475 0.000133603 -2.17505e-05 5.46658e-06 -0.000377228 0.000182446 -5.33422e-05 8.57866e-06 0.000103614 0.000240036 -7.58528e-05 1.372e-05 
14.5 5.01799e-05 0.000194627 -4.2234e-05 9.53754e-06 -0.000759231 0.00017111 -2.24471e-05 8.87643e-06 -0.000607625 0.000200133 -7.69957e-05 1.03089e-05 -0.000449264 0.000277383 -0.0001267 1.77714e-05 
15.5 0.000559219 0.000187673 -3.57592e-05 1.07647e-05 -0.000343868 0.000146972 -2.2767e-05 6.32215e-06 0.000240247 0.00018243 -6.04655e-05 1.04493e-05 0.000470276 0.000268655 -9.41685e-05 1.75272e-05 
16.5 0.000843429 0.00022019 -3.10843e-05 1.42272e-05 -0.000487953 0.000152786 -3.27036e-05 5.74658e-06 -0.000317643 0.00022874 -8.50611e-05 1.30568e-05 0.000516118 0.000267444 -9.59791e-05 1.87138e-05 
17.5 0.00117119 0.00024667 -4.98492e-06 1.58235e-05 -0.000635937 0.000147939 -4.8688e-05 6.40488e-06 -0.00034725 0.000224858 -9.40157e-05 1.26558e-05 0.000119594 0.000294873 -0.000165861 2.26359e-05 
18.5 0.00158224 0.000266511 -6.75452e-06 1.94263e-05 -0.000350365 0.00015046 -3.60983e-05 6.16024e-06 -0.000165621 0.000254972 -0.000123764 1.69637e-05 0.000214391 0.000331225 -0.000168947 2.6324e-05 
19.5 0.00208442 0.000297553 -7.81531e-06 2.40058e-05 -0.000410829 0.000184447 -4.41893e-05 8.09621e-06 -0.00029477 0.000298901 -0.000114343 1.955e-05 0.000896997 0.000334964 -0.000138799 2.74217e-05 
20.5 0.00167999 0.000322549 -1.86606e-05 2.52634e-05 -0.000658595 0.000207467 -4.63892e-05 8.91792e-06 0.000677031 0.000305259 -7.63726e-05 2.21955e-05 0.000947294 0.000373575 -0.000149302 3.19251e-05 
21.5 0.0025722 0.000311519 3.85886e-05 2.72915e-05 -0.000237057 0.00018516 -5.94953e-05 9.08264e-06 0.000188787 0.000300399 -0.000137216 2.17444e-05 0.000624626 0.000375655 -0.000175236 3.15943e-05 
22.5 0.00351414 0.000370755 0.000100893 3.62537e-05 -0.000329131 0.000222503 -7.4052e-05 1.1524e-05 0.000975033 0.000340011 -0.000130858 2.77321e-05 0.00147947 0.000426447 -0.000157377 4.00447e-05 
23.5 0.00437931 0.000403182 0.000144459 4.36e-05 -0.000417432 0.000229585 -8.14724e-05 1.17144e-05 0.000539543 0.000322701 -0.000135127 2.54407e-05 0.00168654 0.000411964 -0.000120639 3.77998e-05 
24.5 0.0038853 0.000411464 6.97717e-05 4.22883e-05 -0.000428344 0.000235141 -9.36017e-05 1.36536e-05 0.000866076 0.000383475 -0.000129277 3.16267e-05 0.00106269 0.00043188 -0.000182 3.88741e-05 
25.5 0.00432296 0.000452915 0.000128639 5.01486e-05 -0.000416368 0.000249015 -0.000109068 1.55094e-05 0.00185402 0.000416547 -8.93986e-05 3.80544e-05 0.000800669 0.000485175 -0.000266289 4.774e-05 
26.5 0.0053218 0.000471091 0.000210156 5.55614e-05 -0.000136218 0.000264425 -0.000102654 1.68045e-05 0.00179744 0.000428429 -0.000156696 4.10716e-05 0.00220116 0.000512347 -0.000215797 5.41112e-05 
27.5 0.00754169 0.000545097 0.000456766 7.34142e-05 1.2554e-06 0.000293526 -0.000114383 2.00757e-05 0.00149775 0.000443488 -0.000169453 4.27664e-05 0.00432898 0.000567639 -6.62333e-05 6.7212e-05 
28.5 0.00804755 0.000570947 0.000526803 8.04146e-05 -9.06435e-05 0.000326183 -0.000128592 2.20958e-05 0.00218935 0.00046819 -0.000126755 4.66419e-05 0.00401002 0.000565584 -3.66983e-05 6.54895e-05 
29.5 0.00937053 0.000650548 0.000593366 9.75739e-05 0.000586271 0.000335945 -0.000105431 2.46432e-05 0.00367074 0.000556269 -8.87934e-05 6.30295e-05 0.00461651 0.000641994 -6.16281e-05 7.97467e-05 
30.5 0.0100702 0.000656794 0.000728064 0.000101622 0.00118484 0.000336568 -0.000107262 2.7576e-05 0.00352011 0.000537653 -7.95471e-05 6.05037e-05 0.00502294 0.000669779 -4.42261e-05 8.63604e-05 
31.5 0.00911758 0.000662772 0.000559277 9.91371e-05 0.00094245 0.000342142 -0.000133859 2.8279e-05 0.00342302 0.000570327 -0.000171405 6.57862e-05 0.00551244 0.000659186 -6.7983e-06 8.62465e-05 
32.5 0.0111757 0.000711532 0.000887837 0.000116144 0.00134751 0.000404836 -0.000119233 3.55293e-05 0.00491038 0.000628611 7.1388e-06 7.85712e-05 0.00735376 0.000756047 0.000159443 0.0001083 
33.5 0.0109051 0.000743109 0.000823817 0.000120435 0.00116416 0.000423753 -0.000170941 3.84275e-05 0.00586845 0.000668526 2.44141e-05 8.89323e-05 0.00746751 0.000759859 0.00015341 0.0001106 
34.5 0.0107765 0.000748951 0.00079537 0.0001223 0.00232382 0.000459954 -0.00011801 4.51336e-05 0.0046549 0.000663703 -3.17597e-05 8.37698e-05 0.00801057 0.00080923 0.000168781 0.00011976 
35.5 0.0139714 0.000859499 0.00121482 0.000156287 0.00172955 0.000478976 -0.000226129 4.78912e-05 0.00669467 0.000747499 5.50715e-05 0.000104856 0.00852745 0.000844904 0.000168215 0.000129043 
36.5 0.0158426 0.000896443 0.0015453 0.000171742 0.00226296 0.000479422 -0.000129478 4.9542e-05 0.00733097 0.000762717 0.000125459 0.000109791 0.00907728 0.000840564 0.00033848 0.000130352 
37.5 0.0151603 0.000955141 0.00132234 0.000180661 0.00279737 0.000550365 -0.000180233 6.07254e-05 0.00758304 0.000803419 8.65798e-05 0.000118353 0.0100277 0.000937183 0.000271731 0.00015384 
38.5 0.0169016 0.00100565 0.00167775 0.000199662 0.00418244 0.00055321 -3.25008e-06 6.40741e-05 0.00954996 0.000881035 0.000330628 0.000140273 0.0114499 0.000982014 0.000468456 0.000167613 
39.5 0.0191935 0.00110194 0.00205496 0.000232608 0.00384694 0.000611735 -5.05938e-05 7.15555e-05 0.0118876 0.000971808 0.000641769 0.000167628 0.0120448 0.0010099 0.000621499 0.000176787 
40.5 0.0212439 0.00115004 0.00246901 0.000255252 0.00440843 0.000626928 -6.26792e-05 7.70205e-05 0.0124348 0.000963774 0.000795012 0.000169539 0.0140101 0.00107792 0.000884884 0.00020037 
41.5 0.0236279 0.00122838 0.00292744 0.00028485 0.00624558 0.000740453 4.28962e-05 0.000101556 0.0142873 0.00107674 0.00093381 0.000201326 0.0154967 0.00115613 0.00105862 0.000224753 
42.5 0.0219029 0.00124198 0.00246495 0.000279945 0.00596897 0.000714438 -1.43165e-05 9.59398e-05 0.0130657 0.00104888 0.000714987 0.000189382 0.0159443 0.00116689 0.00114615 0.000230661 
43.5 0.0251748 0.00132789 0.00319206 0.000319409 0.00680575 0.000759521 6.36729e-05 0.000106975 0.0165156 0.00116947 0.00123558 0.000231712 0.018219 0.00119333 0.00163275 0.000247445 
44.5 0.025778 0.00141573 0.00319689 0.000345018 0.0088399 0.000854067 0.00028063 0.000132381 0.0180694 0.00124047 0.00151543 0.000258304 0.017803 0.00127786 0.00137263 0.000264584 
45.5 0.0272371 0.00145357 0.00350982 0.000362263 0.00999494 0.000898847 0.000395641 0.000146426 0.0202434 0.00126533 0.0020082 0.000274397 0.0208823 0.00131505 0.00207392 0.000290206 
46.5 0.0301091 0.00154739 0.00416829 0.000404979 0.0103349 0.000974182 0.000310214 0.000161439 0.0226216 0.00135034 0.00246832 0.000309872 0.0231011 0.00141942 0.00242947 0.000328488 
47.5 0.0307179 0.00161628 0.00422147 0.000428704 0.011704 0.000981565 0.000607962 0.000170392 0.0210403 0.00136707 0.00199639 0.000304474 0.0216866 0.00136559 0.00219219 0.000308527 
48.5 0.0332257 0.0017326 0.00475327 0.000476871 0.0152463 0.00111425 0.00115714 0.000214714 0.0221493 0.00144936 0.00211087 0.000329684 0.0246279 0.00149412 0.00269321 0.000356152 
49.5 0.0390787 0.0018392 0.00642996 0.000547933 0.0170672 0.00116238 0.00145712 0.000234098 0.0226976 0.00145453 0.00224748 0.000333566 0.0242288 0.00149324 0.00259076 0.000353468 
50.5 0.042306 0.00192019 0.00738296 0.000593213 0.0185395 0.00123849 0.00167545 0.000258932 0.0267632 0.00156002 0.00318234 0.000387166 0.027976 0.00156196 0.00348051 0.000393662 
51.5 0.0414349 0.00196966 0.00695173 0.000603202 0.0201164 0.00134435 0.00185668 0.000292752 0.0264854 0.00159985 0.00302706 0.000394609 0.0278518 0.00162029 0.00334637 0.000408657 
52.5 0.0435568 0.00203604 0.007572 0.00064096 0.0197134 0.00136126 0.0016652 0.000293892 0.0280827 0.00162528 0.00345323 0.000412097 0.0267642 0.00157971 0.00313231 0.000391112 
53.5 0.044086 0.00211728 0.00752594 0.000669179 0.0238916 0.00144537 0.00265543 0.000340282 0.0279332 0.00163036 0.00339829 0.000413055 0.0304324 0.00168129 0.00397237 0.000441899 
54.5 0.0480977 0.00220222 0.00881487 0.000724818 0.0244166 0.0014888 0.00270768 0.000352985 0.0311994 0.00175317 0.00403542 0.000467117 0.0278464 0.00165961 0.0032065 0.000416831 
55.5 0.0561772 0.00236396 0.01154 0.000840184 0.0282908 0.00163355 0.00347577 0.000415928 0.0331126 0.00176992 0.00464507 0.000484031 0.0306838 0.00167257 0.00409271 0.000440911 
56.5 0.0504942 0.00237301 0.00934318 0.000800204 0.033251 0.00178297 0.00463572 0.000489392 0.0322073 0.00182742 0.00420146 0.000494165 0.0292438 0.00174545 0.00344328 0.000452666 
57.5 0.0588526 0.00259705 0.0120266 0.000947748 0.0299497 0.0017413 0.00374943 0.000455204 0.033378 0.00188961 0.00443001 0.000522138 0.025313 0.00159697 0.00266908 0.000386982 
58.5 0.067493 0.00281269 0.0151068 0.00109643 0.0309394 0.00178215 0.00401581 0.000472613 0.0366541 0.00194412 0.00538454 0.000558066 0.0258957 0.00162974 0.00275313 0.000397327 
59.5 0.0651795 0.0028156 0.0141192 0.00108093 0.0336613 0.00187349 0.00462621 0.000519392 0.0354924 0.00192711 0.00504259 0.000545301 0.0266726 0.00170348 0.00279553 0.00042308 
60.5 0.0713174 0.00294461 0.0164531 0.00118154 0.0367872 0.00198586 0.00532955 0.000572081 0.0340878 0.00191976 0.00458011 0.000533189 0.0247359 0.00162893 0.0024244 0.000390636 
61.5 0.0749508 0.00297672 0.0179958 0.00122395 0.0387715 0.00201174 0.00596924 0.0005954 0.0353643 0.00198289 0.0048364 0.000561658 0.0249266 0.00165153 0.00239028 0.00039791 
62.5 0.0764655 0.00319432 0.0181447 0.0013326 0.0353264 0.00205676 0.00474107 0.00058533 0.033222 0.00206619 0.00394338 0.000569267 0.0185818 0.00165267 0.000603401 0.000357858 
63.5 0.0765143 0.00317536 0.0182021 0.00132092 0.0387588 0.00206007 0.00586871 0.000608691 0.0311601 0.00196746 0.00351185 0.000524719 0.0200508 0.00159143 0.00115387 0.000350212 
64.5 0.0801665 0.00331202 0.019521 0.00141136 0.0393898 0.00214448 0.00586422 0.000642493 0.0356493 0.0020903 0.00466322 0.000597144 0.0197004 0.0016008 0.00105516 0.000352938 
65.5 0.0919679 0.00351948 0.0246403 0.00160967 0.0436008 0.00224167 0.00713875 0.000703555 0.0328676 0.00202782 0.00391134 0.000555927 0.0181751 0.00156468 0.000759472 0.000335238 
66.5 0.087073 0.00358022 0.0220624 0.0015992 0.0379343 0.00219479 0.00518259 0.000645056 0.028499 0.00196255 0.00264361 0.000505202 0.0131168 0.00146029 -0.000330291 0.000280302 
67.5 0.0827304 0.00370491 0.0195671 0.00160665 0.0369707 0.0022678 0.00466208 0.000659491 0.0257708 0.00195745 0.00179646 0.000484392 0.0120845 0.00149921 -0.000731444 0.000282223 
68.5 0.0900159 0.00370335 0.0231652 0.00168629 0.0367604 0.00221758 0.00477675 0.000644994 0.0250559 0.00189974 0.00175573 0.000463693 0.00884964 0.0013713 -0.00110197 0.000240057 
69.5 0.0971492 0.00406359 0.0256681 0.00192178 0.0426065 0.00247885 0.00606217 0.000775434 0.0277081 0.00209781 0.00195657 0.000537585 0.0110054 0.00152582 -0.00108458 0.000284293 
70.5 0.0942543 0.00386176 0.0248408 0.00179746 0.0385584 0.00242528 0.00474927 0.000725629 0.019577 0.001855 0.000288304 0.000417497 0.00519975 0.00131494 -0.00172469 0.000217889 
71.5 0.0821374 0.00384803 0.0188547 0.00167648 0.0271659 0.00220907 0.00151868 0.000571426 0.0115815 0.00171719 -0.00157496 0.000334206 -0.00109821 0.001195 -0.00272272 0.00018201 
72.5 0.0855126 0.00404706 0.0198394 0.00180181 0.0330912 0.00237221 0.00297205 0.000668365 0.0131193 0.0017684 -0.00133313 0.000355562 0.000216237 0.00121343 -0.00250539 0.000185079 
73.5 0.0754652 0.00406037 0.0148229 0.00170968 0.0260212 0.00231214 0.000717181 0.000592556 0.00678237 0.00160478 -0.00246435 0.000282939 -0.00341789 0.00112706 -0.00290632 0.000166138 
74.5 0.0712883 0.00405668 0.0128699 0.00166406 0.0181094 0.00215502 -0.00125591 0.000489906 0.0025681 0.00150873 -0.00312796 0.000251389 -0.00634467 0.00100871 -0.00290639 0.000154921 
75.5 0.0633446 0.00391128 0.00972698 0.00151988 0.013746 0.00201869 -0.00208324 0.000424883 -0.00208206 0.00138285 -0.00375391 0.000218415 -0.00949256 0.000921871 -0.00306382 0.000157751 
76.5 0.0578459 0.00381828 0.00760645 0.00142584 0.0116935 0.00196316 -0.0024293 0.000399654 -0.00502777 0.00130505 -0.00401279 0.000208977 -0.0116522 0.000861968 -0.00295994 0.000163563 
77.5 0.0445894 0.00372867 0.00215464 0.00124766 0.00539336 0.00187243 -0.00387346 0.000344309 -0.00979285 0.00116575 -0.00429035 0.000206738 -0.0139369 0.000795881 -0.00278625 0.000165661 
78.5 0.028542 0.00341809 -0.00302486 0.000968546 -0.00448692 0.00162709 -0.00535938 0.000273084 -0.0143807 0.00103564 -0.00442582 0.000214416 -0.0159482 0.000747981 -0.0027067 0.000168351 
79.5 0.0201509 0.00333206 -0.0058683 0.000854991 -0.00924689 0.0015026 -0.00577644 0.000266482 -0.0182165 0.000929378 -0.00421353 0.000235788 -0.0184644 0.000728282 -0.00230655 0.00017619 
80.5 0.00709781 0.00297577 -0.00877892 0.000630764 -0.0150419 0.00130723 -0.00592372 0.000268856 -0.0191585 0.000882134 -0.00388693 0.000229139 -0.0184261 0.000713442 -0.00190439 0.000162584 
81.5 -0.00683156 0.00261102 -0.0113859 0.000456597 -0.0208511 0.00114187 -0.00600443 0.000295473 -0.0222012 0.000804923 -0.00317794 0.00023418 -0.0194543 0.000734547 -0.00147703 0.00015524 
82.5 -0.0163429 0.00229431 -0.0123806 0.000403702 -0.0245983 0.00103303 -0.00585155 0.000314129 -0.0237369 0.000825578 -0.00284708 0.000232931 -0.0197212 0.000792986 -0.00102632 0.000140966 
83.5 -0.0261408 0.00182739 -0.0118249 0.000424523 -0.027205 0.000957115 -0.00406477 0.000301134 -0.02387 0.000907376 -0.00155311 0.000196146 -0.0187205 0.000869672 -0.000285867 0.000109773 
84.5 -0.0352643 0.0015461 -0.0119299 0.000518204 -0.0302925 0.00095748 -0.00418868 0.000332794 -0.0249381 0.000910846 -0.00148424 0.000201287 -0.0188924 0.000852981 -0.000261557 0.000107619 
85.5 -0.0415499 0.00110759 -0.00860205 0.000542734 -0.0295934 0.000960083 -0.00221326 0.000266698 -0.0218245 0.000887958 -0.000466927 0.000137543 -0.015855 0.000780596 0.000157783 7.03533e-05 
86.5 -0.0431421 0.00110929 -0.00649459 0.000523429 -0.0289138 0.00111059 -0.00101466 0.000219411 -0.021379 0.00105963 0.000271315 0.000109506 -0.0148903 0.000905946 0.000551395 6.7359e-05 
87.5 -0.043952 0.00124986 -0.00371391 0.000464965 -0.0276603 0.0012144 3.0334e-05 0.000169493 -0.0195195 0.00105097 0.000626245 8.63824e-05 -0.0133067 0.000858456 0.000650997 5.95927e-05 
88.5 -0.0380589 0.00142764 -0.000649418 0.00029699 -0.023304 0.00130084 0.000983162 0.000108359 -0.0153074 0.00106904 0.000998046 8.48559e-05 -0.0104382 0.000858031 0.000762042 8.13855e-05 
89.5 -0.0321995 0.00149112 0.000815331 0.000184487 -0.0178613 0.0012391 0.00124574 0.000104477 -0.0113567 0.000989017 0.000982206 9.90802e-05 -0.0075013 0.000774176 0.000676846 8.69501e-05 
90.5 -0.0249843 0.00144641 0.00148128 0.000116128 -0.0132702 0.00107661 0.00114328 0.000100188 -0.00782155 0.000773584 0.000702698 8.00002e-05 -0.00498739 0.000577343 0.00044253 6.11517e-05 
91.5 -0.0202335 0.00149563 0.00197806 0.000136249 -0.0106031 0.00105263 0.00114923 0.000122702 -0.00619756 0.000739657 0.00065262 8.86356e-05 -0.00383272 0.00051325 0.000364152 5.78047e-05 
92.5 -0.0116924 0.00123808 0.0015143 0.000162288 -0.00598206 0.000793581 0.000720699 0.000107254 -0.0032303 0.000513535 0.000347212 6.78614e-05 -0.00184955 0.000342396 0.000175308 4.37238e-05 
93.5 -0.00468488 0.000690742 0.000568727 9.78612e-05 -0.00177997 0.000363207 0.00018412 5.08369e-05 -0.000791742 0.000210859 7.09559e-05 2.7521e-05 -0.000406625 0.000129545 3.13017e-05 1.47384e-05 
94.5 -0.00257781 0.000592495 0.000384663 0.000100925 -0.00121039 0.000351181 0.000153777 5.71332e-05 -0.000571335 0.000217386 6.36552e-05 3.44367e-05 -0.000303583 0.000143132 3.00026e-05 2.0752e-05 
95.5 -0.000385041 0.000192768 4.90539e-05 2.85379e-05 -0.00015264 9.36803e-05 1.51141e-05 1.0535e-05 -6.5117e-05 4.48733e-05 4.67988e-06 3.81703e-06 -3.4183e-05 2.36822e-05 1.76059e-06 1.50436e-06 
96.5 0 0 0 0 0 0 0 0 0 0 0 0 0 0 0 0 
97.5 0 0 0 0 0 0 0 0 0 0 0 0 0 0 0 0 
98.5 0 0 0 0 0 0 0 0 0 0 0 0 0 0 0 0 
99.5 0 0 0 0 0 0 0 0 0 0 0 0 0 0 0 0 
