0.005 0.210945 
0.015 4.00807e-05 
0.025 0.000120242 
0.035 0.000120242 
0.045 0.000180363 
0.055 0.000180363 
0.065 0.000247164 
0.075 0.000300605 
0.085 0.000327326 
0.095 0.000387447 
0.105 0.000394127 
0.115 0.000380767 
0.125 0.000501009 
0.135 0.000394127 
0.145 0.000534409 
0.155 0.000541089 
0.165 0.000694732 
0.175 0.000614571 
0.185 0.000627931 
0.195 0.000835014 
0.205 0.000694732 
0.215 0.000641291 
0.225 0.000821654 
0.235 0.000774893 
0.245 0.00102206 
0.255 0.000975297 
0.265 0.000941896 
0.275 0.000855055 
0.285 0.000875095 
0.295 0.000861735 
0.305 0.00103542 
0.315 0.00110222 
0.325 0.0011423 
0.335 0.0010755 
0.345 0.0013427 
0.355 0.00122246 
0.365 0.00128258 
0.375 0.0011757 
0.385 0.00122246 
0.395 0.00135606 
0.405 0.00118238 
0.415 0.00133602 
0.425 0.00156315 
0.435 0.00152307 
0.445 0.00148299 
0.455 0.00143622 
0.465 0.00147631 
0.475 0.00154311 
0.485 0.00153643 
0.495 0.00142286 
0.505 0.00147631 
0.515 0.00156315 
0.525 0.00169007 
0.535 0.00169007 
0.545 0.00163663 
0.555 0.00156983 
0.565 0.00171679 
0.575 0.00180363 
0.585 0.00156315 
0.595 0.00162327 
0.605 0.00177023 
0.615 0.00148967 
0.625 0.00185039 
0.635 0.00184371 
0.645 0.00169007 
0.655 0.00173683 
0.665 0.00179027 
0.675 0.00189047 
0.685 0.00185707 
0.695 0.00187043 
0.705 0.00196395 
0.715 0.00196395 
0.725 0.00189047 
0.735 0.00189047 
0.745 0.0020174 
0.755 0.00190383 
0.765 0.0020174 
0.775 0.00195727 
0.785 0.00197063 
0.795 0.00213096 
0.805 0.00184371 
0.815 0.00180363 
0.825 0.0020842 
0.835 0.00193723 
0.845 0.00214432 
0.855 0.00205748 
0.865 0.00224452 
0.875 0.00213764 
0.885 0.00207752 
0.895 0.0020508 
0.905 0.00199735 
0.915 0.00198399 
0.925 0.002151 
0.935 0.00213096 
0.945 0.00216436 
0.955 0.00212428 
0.965 0.00227124 
0.975 0.0022846 
0.985 0.00237812 
0.995 0.00213096 
1.005 0.0020508 
1.015 0.00216436 
1.025 0.00215768 
1.035 0.00232468 
1.045 0.0021176 
1.055 0.00216436 
1.065 0.00237144 
1.075 0.0021844 
1.085 0.00217104 
1.095 0.00199067 
1.105 0.00188379 
1.115 0.00223784 
1.125 0.00242488 
1.135 0.00232468 
1.145 0.00191051 
1.155 0.00223116 
1.165 0.00233136 
1.175 0.00209756 
1.185 0.00197063 
1.195 0.00222448 
1.205 0.00217104 
1.215 0.00231132 
1.225 0.00227124 
1.235 0.00241152 
1.245 0.00229128 
1.255 0.0023514 
1.265 0.0023848 
1.275 0.00199735 
1.285 0.0021844 
1.295 0.00219108 
1.305 0.00249168 
1.315 0.00216436 
1.325 0.00220444 
1.335 0.00207084 
1.345 0.00227124 
1.355 0.00237144 
1.365 0.00229796 
1.375 0.0022846 
1.385 0.00233136 
1.395 0.00224452 
1.405 0.0020508 
1.415 0.00232468 
1.425 0.00223116 
1.435 0.00225788 
1.445 0.00222448 
1.455 0.00235808 
1.465 0.00263197 
1.475 0.00243156 
1.485 0.00239148 
1.495 0.00236476 
1.505 0.00233136 
1.515 0.00233804 
1.525 0.00233804 
1.535 0.0022846 
1.545 0.002318 
1.555 0.00235808 
1.565 0.00239816 
1.575 0.00217104 
1.585 0.00246496 
1.595 0.0021844 
1.605 0.00227792 
1.615 0.00252508 
1.625 0.00223784 
1.635 0.0022512 
1.645 0.0024516 
1.655 0.00229128 
1.665 0.00215768 
1.675 0.00226456 
1.685 0.00244492 
1.695 0.00257184 
1.705 0.00236476 
1.715 0.0024182 
1.725 0.0024516 
1.735 0.00224452 
1.745 0.00234472 
1.755 0.00222448 
1.765 0.00232468 
1.775 0.00249836 
1.785 0.00197731 
1.795 0.002151 
1.805 0.0022846 
1.815 0.002485 
1.825 0.00252508 
1.835 0.002151 
1.845 0.00223784 
1.855 0.00209756 
1.865 0.00253176 
1.875 0.002151 
1.885 0.00233136 
1.895 0.00227792 
1.905 0.00217772 
1.915 0.00210424 
1.925 0.0021176 
1.935 0.00219108 
1.945 0.00213096 
1.955 0.002318 
1.965 0.00221112 
1.975 0.00209756 
1.985 0.00223116 
1.995 0.00209756 
2.005 0.00223784 
2.015 0.00209756 
2.025 0.00253844 
2.035 0.002151 
2.045 0.00239148 
2.055 0.00222448 
2.065 0.00217104 
2.075 0.00216436 
2.085 0.00223784 
2.095 0.00226456 
2.105 0.00221112 
2.115 0.00206416 
2.125 0.00212428 
2.135 0.00209756 
2.145 0.00210424 
2.155 0.00192387 
2.165 0.00223784 
2.175 0.0024182 
2.185 0.0022178 
2.195 0.00213096 
2.205 0.00211092 
2.215 0.00214432 
2.225 0.00234472 
2.235 0.0022512 
2.245 0.0020842 
2.255 0.00209088 
2.265 0.00227792 
2.275 0.00234472 
2.285 0.00229796 
2.295 0.00217772 
2.305 0.00207752 
2.315 0.00233804 
2.325 0.00223116 
2.335 0.00201071 
2.345 0.00224452 
2.355 0.00209088 
2.365 0.00213764 
2.375 0.002151 
2.385 0.00215768 
2.395 0.00202408 
2.405 0.00183703 
2.415 0.00188379 
2.425 0.00203744 
2.435 0.00209088 
2.445 0.00227124 
2.455 0.002151 
2.465 0.00199067 
2.475 0.002151 
2.485 0.00194391 
2.495 0.00195059 
2.505 0.0020174 
2.515 0.00201071 
2.525 0.00198399 
2.535 0.00217104 
2.545 0.00198399 
2.555 0.0020842 
2.565 0.00207084 
2.575 0.00199067 
2.585 0.00209088 
2.595 0.00204412 
2.605 0.00195727 
2.615 0.00187043 
2.625 0.00185039 
2.635 0.00206416 
2.645 0.00186375 
2.655 0.00185039 
2.665 0.00187711 
2.675 0.00189715 
2.685 0.00202408 
2.695 0.00214432 
2.705 0.00189715 
2.715 0.00196395 
2.725 0.00222448 
2.735 0.00193723 
2.745 0.00187711 
2.755 0.00197731 
2.765 0.00190383 
2.775 0.00192387 
2.785 0.00171011 
2.795 0.00187711 
2.805 0.00185039 
2.815 0.00199067 
2.825 0.00178359 
2.835 0.00181699 
2.845 0.0020508 
2.855 0.00185707 
2.865 0.00189715 
2.875 0.00162327 
2.885 0.00181699 
2.895 0.00174351 
2.905 0.00171679 
2.915 0.00178359 
2.925 0.00190383 
2.935 0.00182367 
2.945 0.00173015 
2.955 0.00193055 
2.965 0.00164331 
2.975 0.00196395 
2.985 0.00193055 
2.995 0.00173015 
3.005 0.00196395 
3.015 0.00172347 
3.025 0.0020174 
3.035 0.00168339 
3.045 0.00175687 
3.055 0.00197063 
3.065 0.00188379 
3.075 0.00180363 
3.085 0.00178359 
3.095 0.00180363 
3.105 0.00177691 
3.115 0.00170343 
3.125 0.00183703 
3.135 0.00165667 
3.145 0.00177691 
3.155 0.00182367 
3.165 0.00169675 
3.175 0.00171679 
3.185 0.00154979 
3.195 0.00180363 
3.205 0.00177023 
3.215 0.00171011 
3.225 0.00157651 
3.235 0.00177691 
3.245 0.00180363 
3.255 0.00150303 
3.265 0.00164331 
3.275 0.00160991 
3.285 0.00154311 
3.295 0.00163663 
3.305 0.00164999 
3.315 0.00142954 
3.325 0.00152975 
3.335 0.00160323 
3.345 0.00143622 
3.355 0.00160323 
3.365 0.00172347 
3.375 0.00191719 
3.385 0.00141618 
3.395 0.00171011 
3.405 0.00172347 
3.415 0.00169007 
3.425 0.00176355 
3.435 0.00164331 
3.445 0.00159655 
3.455 0.00156983 
3.465 0.00159655 
3.475 0.00149635 
3.485 0.00148299 
3.495 0.00141618 
3.505 0.00152307 
3.515 0.00145627 
3.525 0.00142954 
3.535 0.00152307 
3.545 0.00146963 
3.555 0.00142954 
3.565 0.00146963 
3.575 0.0013761 
3.585 0.00150971 
3.595 0.00148299 
3.605 0.00138278 
3.615 0.00134938 
3.625 0.00139614 
3.635 0.00154311 
3.645 0.00133602 
3.655 0.00128926 
3.665 0.00146963 
3.675 0.00136942 
3.685 0.0013093 
3.695 0.00145627 
3.705 0.00136942 
3.715 0.00133602 
3.725 0.00138946 
3.735 0.00132266 
3.745 0.00136274 
3.755 0.00116234 
3.765 0.00122914 
3.775 0.00132934 
3.785 0.00133602 
3.795 0.00123582 
3.805 0.0012091 
3.815 0.00116902 
3.825 0.0012091 
3.835 0.00131598 
3.845 0.00132266 
3.855 0.0012425 
3.865 0.00116902 
3.875 0.00128258 
3.885 0.00116234 
3.895 0.00132934 
3.905 0.0012091 
3.915 0.00118238 
3.925 0.00120242 
3.935 0.00100202 
3.945 0.00100202 
3.955 0.00126922 
3.965 0.00113562 
3.975 0.00106882 
3.985 0.00129594 
3.995 0.0010087 
4.005 0.0010087 
4.015 0.00100202 
4.025 0.00115566 
4.035 0.000908496 
4.045 0.00114898 
4.055 0.00108218 
4.065 0.0011089 
4.075 0.00121578 
4.085 0.0010755 
4.095 0.000968617 
4.105 0.000995337 
4.115 0.0010087 
4.125 0.0011089 
4.135 0.00105546 
4.145 0.000988657 
4.155 0.0010755 
4.165 0.0011089 
4.175 0.0011089 
4.185 0.00101538 
4.195 0.00100202 
4.205 0.000961937 
4.215 0.000948576 
4.225 0.000975297 
4.235 0.00104878 
4.245 0.00106214 
4.255 0.000908496 
4.265 0.000961937 
4.275 0.000835014 
4.285 0.00108886 
4.295 0.000928536 
4.305 0.000855055 
4.315 0.000794934 
4.325 0.000861735 
4.335 0.000788254 
4.345 0.000881775 
4.355 0.000915176 
4.365 0.000841695 
4.375 0.000848375 
4.385 0.000981977 
4.395 0.000935216 
4.405 0.000794934 
4.415 0.000901816 
4.425 0.000794934 
4.435 0.000855055 
4.445 0.000841695 
4.455 0.000895136 
4.465 0.000928536 
4.475 0.000761533 
4.485 0.000821654 
4.495 0.000774893 
4.505 0.000708092 
4.515 0.000741493 
4.525 0.000694732 
4.535 0.000781574 
4.545 0.000734813 
4.555 0.000794934 
4.565 0.000701412 
4.575 0.000754853 
4.585 0.000668012 
4.595 0.000641291 
4.605 0.000741493 
4.615 0.00055445 
4.625 0.000674692 
4.635 0.000754853 
4.645 0.000674692 
4.655 0.000621251 
4.665 0.000634611 
4.675 0.00059453 
4.685 0.00056781 
4.695 0.00058117 
4.705 0.000514369 
4.715 0.000521049 
4.725 0.000440888 
4.735 0.00056781 
4.745 0.000661331 
4.755 0.000487648 
4.765 0.000467608 
4.775 0.000454248 
4.785 0.00055445 
4.795 0.000434208 
4.805 0.000467608 
4.815 0.000420847 
4.825 0.000354046 
4.835 0.000394127 
4.845 0.000340686 
4.855 0.000300605 
4.865 0.000287245 
4.875 0.000327326 
4.885 0.000280565 
4.895 0.000193723 
4.905 0.000253844 
4.915 0.000193723 
4.925 0.000200403 
4.935 0.000140282 
4.945 0.000106882 
4.955 8.68415e-05 
4.965 0.000106882 
4.975 4.00807e-05 
4.985 5.34409e-05 
