0.005 2.00402e-05 
0.015 7.34808e-05 
0.025 0.000153642 
0.035 0.000213762 
0.045 0.000334004 
0.055 0.000387444 
0.065 0.000340684 
0.075 0.000387444 
0.085 0.000527726 
0.095 0.000681367 
0.105 0.000754848 
0.115 0.000567806 
0.125 0.000868409 
0.135 0.000888449 
0.145 0.00100869 
0.155 0.00109553 
0.165 0.00101537 
0.175 0.00120909 
0.185 0.00103541 
0.195 0.00117569 
0.205 0.00142286 
0.215 0.00146962 
0.225 0.0015765 
0.235 0.00142954 
0.245 0.00179026 
0.255 0.00150302 
0.265 0.00134937 
0.275 0.00185706 
0.285 0.00152974 
0.295 0.00202406 
0.305 0.00191718 
0.315 0.00175686 
0.325 0.00198398 
0.335 0.0021443 
0.345 0.00228458 
0.355 0.00179026 
0.365 0.0022111 
0.375 0.0023113 
0.385 0.0023113 
0.395 0.00235139 
0.405 0.00253843 
0.415 0.00201738 
0.425 0.00267203 
0.435 0.00305947 
0.445 0.00279227 
0.455 0.00246495 
0.465 0.00259187 
0.475 0.00270543 
0.485 0.00260523 
0.495 0.00315299 
0.505 0.00295927 
0.515 0.0033534 
0.525 0.00287911 
0.535 0.00285907 
0.545 0.00279895 
0.555 0.00291919 
0.565 0.00316635 
0.575 0.00334672 
0.585 0.00376088 
0.595 0.0037208 
0.605 0.00334004 
0.615 0.00344024 
0.625 0.00330664 
0.635 0.00379428 
0.645 0.00317303 
0.655 0.00358052 
0.665 0.00349368 
0.675 0.0039212 
0.685 0.00378092 
0.695 0.003654 
0.705 0.00404144 
0.715 0.00356048 
0.725 0.00353376 
0.735 0.00366068 
0.745 0.00400136 
0.755 0.00377424 
0.765 0.00392788 
0.775 0.00410824 
0.785 0.0037208 
0.795 0.00393456 
0.805 0.0040214 
0.815 0.00400136 
0.825 0.00404812 
0.835 0.00356048 
0.845 0.00411492 
0.855 0.00380096 
0.865 0.00381432 
0.875 0.004155 
0.885 0.0041216 
0.895 0.00384772 
0.905 0.00382768 
0.915 0.00404144 
0.925 0.00408152 
0.935 0.00356048 
0.945 0.00423517 
0.955 0.0037876 
0.965 0.00414832 
0.975 0.00454913 
0.985 0.00417504 
0.995 0.00404812 
1.005 0.00420844 
1.015 0.00436877 
1.025 0.00386776 
1.035 0.00379428 
1.045 0.00416836 
1.055 0.00444225 
1.065 0.00424853 
1.075 0.00426189 
1.085 0.00420844 
1.095 0.00428193 
1.105 0.00422849 
1.115 0.00464265 
1.125 0.00445561 
1.135 0.00410824 
1.145 0.00417504 
1.155 0.00424185 
1.165 0.00419508 
1.175 0.00456917 
1.185 0.00436877 
1.195 0.00437545 
1.205 0.00460925 
1.215 0.00456249 
1.225 0.00434205 
1.235 0.0039212 
1.245 0.00416836 
1.255 0.00455581 
1.265 0.00443557 
1.275 0.00413496 
1.285 0.00420176 
1.295 0.00406148 
1.305 0.00421513 
1.315 0.00451573 
1.325 0.00430197 
1.335 0.00417504 
1.345 0.00428861 
1.355 0.00445561 
1.365 0.00404144 
1.375 0.00429529 
1.385 0.0040882 
1.395 0.00466269 
1.405 0.0040214 
1.415 0.00427525 
1.425 0.00493657 
1.435 0.004155 
1.445 0.00422849 
1.455 0.00443557 
1.465 0.004155 
1.475 0.00448901 
1.485 0.00421513 
1.495 0.003988 
1.505 0.00426189 
1.515 0.00464265 
1.525 0.00362728 
1.535 0.00426857 
1.545 0.00448233 
1.555 0.00467605 
1.565 0.00413496 
1.575 0.00403476 
1.585 0.00455581 
1.595 0.00400804 
1.605 0.00442889 
1.615 0.0038544 
1.625 0.00443557 
1.635 0.00416836 
1.645 0.00394792 
1.655 0.00408152 
1.665 0.00434205 
1.675 0.00408152 
1.685 0.00409488 
1.695 0.0040882 
1.705 0.00409488 
1.715 0.004155 
1.725 0.00426857 
1.735 0.00388112 
1.745 0.00424853 
1.755 0.00416836 
1.765 0.00404812 
1.775 0.00429529 
1.785 0.00369408 
1.795 0.00394124 
1.805 0.00401472 
1.815 0.00384772 
1.825 0.00384104 
1.835 0.00430197 
1.845 0.00396796 
1.855 0.00378092 
1.865 0.0040548 
1.875 0.00414164 
1.885 0.00382768 
1.895 0.00397464 
1.905 0.00421513 
1.915 0.00387444 
1.925 0.00400804 
1.935 0.00416836 
1.945 0.00427525 
1.955 0.00441553 
1.965 0.00413496 
1.975 0.00412828 
1.985 0.0038878 
1.995 0.00390116 
2.005 0.00434205 
2.015 0.00420844 
2.025 0.00434205 
2.035 0.00387444 
2.045 0.00430197 
2.055 0.0041216 
2.065 0.00390784 
2.075 0.00391452 
2.085 0.00399468 
2.095 0.00423517 
2.105 0.00429529 
2.115 0.00442221 
2.125 0.00379428 
2.135 0.00458921 
2.145 0.00403476 
2.155 0.00416168 
2.165 0.00444225 
2.175 0.00424185 
2.185 0.0040882 
2.195 0.00410156 
2.205 0.00396128 
2.215 0.00408152 
2.225 0.00453577 
2.235 0.00424853 
2.245 0.00424185 
2.255 0.00465601 
2.265 0.003988 
2.275 0.00446229 
2.285 0.00426189 
2.295 0.00401472 
2.305 0.0039546 
2.315 0.00466269 
2.325 0.00386776 
2.335 0.00401472 
2.345 0.00434205 
2.355 0.00422849 
2.365 0.00440217 
2.375 0.00448233 
2.385 0.00437545 
2.395 0.00420176 
2.405 0.00462261 
2.415 0.00392788 
2.425 0.00436877 
2.435 0.00408152 
2.445 0.00435541 
2.455 0.00464265 
2.465 0.00414164 
2.475 0.00446229 
2.485 0.00443557 
2.495 0.00433537 
2.505 0.00444893 
2.515 0.00438881 
2.525 0.00411492 
2.535 0.0040882 
2.545 0.00430197 
2.555 0.00451573 
2.565 0.00411492 
2.575 0.00426189 
2.585 0.00412828 
2.595 0.00414164 
2.605 0.00403476 
2.615 0.0039546 
2.625 0.00343356 
2.635 0.0037208 
2.645 0.00389448 
2.655 0.00372748 
2.665 0.00334004 
2.675 0.00352708 
2.685 0.00323315 
2.695 0.00319975 
2.705 0.0032866 
2.715 0.00289247 
2.725 0.00282567 
2.735 0.00244491 
2.745 0.00230462 
2.755 0.00271879 
2.765 0.00203074 
2.775 0.00201738 
2.785 0.0014095 
2.795 0.00156314 
2.805 0.00142286 
2.815 0.00089513 
2.825 0.000855049 
2.835 0.000454245 
2.845 0.000394124 
2.855 0.000313963 
2.865 6.68007e-05 
2.875 4.00804e-05 
