2.5 -0.669215 0.0228649 -0.000322325 4.46325e-05 0.970318 0.0555123 -0.478863 0.0611604 -6.27675e-05 3.1555e-05 -1.13185 0.181513 -0.391513 0.102104 -5.26747e-05 5.24085e-05 1.1097 0.504665 0.306836 0.183518 3.17618e-05 8.12859e-05 1.35801 2.45 
7.5 -0.57031 0.0305353 -0.000321746 6.83391e-05 1.17956 0.0584676 -0.535064 0.0427193 -0.000138012 4.38138e-05 0.857266 0.256144 -0.494251 0.0495196 -0.000195396 7.74996e-05 1.10092 0.136179 0.389859 0.085685 0.000120052 0.000108176 -1.29843 0.38037 
12.5 0.59757 0.0202205 0.000761516 0.000106729 0.906762 0.0526098 -0.50932 0.0488289 -0.000190109 7.18905e-05 1.03309 0.180729 0.218944 0.455575 1.27404e-05 0.000124076 -2.29632 4.66501 0.44339 0.0569282 0.000326015 0.00017032 -1.04509 0.305359 
17.5 0.747226 0.00763378 0.00369237 0.000178447 0.987233 0.00486267 -0.280515 0.257042 -2.82064e-05 9.35287e-05 2.03804 2.01941 0.56231 0.0231095 0.000918631 0.000156335 -0.822256 0.192026 0.59633 0.0186973 0.00166027 0.000218266 0.759242 0.148123 
22.5 0.815233 0.00452792 0.00880478 0.000277352 0.990413 0.00189428 0.533011 0.0329088 0.000548528 0.000137936 0.917131 0.155887 0.649343 0.0133521 0.00268298 0.000240777 0.879089 0.0335819 0.666962 0.0116736 0.00394089 0.00030848 0.894424 0.0244041 
27.5 0.836575 0.00366777 0.0145755 0.000406665 0.988341 0.0012255 0.580791 0.0204389 0.00125072 0.000183612 -0.586725 0.767269 0.69811 0.00947156 0.00550413 0.000349323 0.924081 0.0131697 0.719098 0.00814256 0.0080607 0.000443041 0.943007 0.00850007 
32.5 0.849508 0.00322377 0.0218667 0.000567378 0.988476 0.000965456 0.661706 0.012247 0.00326485 0.000267322 0.896682 0.0252227 0.748996 0.00658583 0.0107465 0.000496243 0.949128 0.00578597 0.751503 0.00633412 0.0138805 0.000634542 0.937787 0.00655196 
37.5 0.862629 0.00277252 0.0324301 0.000791814 0.986781 0.000804811 0.703733 0.00900528 0.00649259 0.000393768 0.928178 0.0118203 0.789176 0.00490684 0.0194326 0.000716385 0.964317 0.00301386 0.793145 0.00474209 0.0246923 0.000912079 0.955422 0.00343533 
42.5 0.871157 0.00258349 0.0446116 0.00105141 0.98665 0.000731026 0.737421 0.00709799 0.0114839 0.000570497 0.934934 0.00779266 0.818662 0.0039368 0.031566 0.00101282 0.968762 0.0020565 0.82376 0.00373425 0.0378545 0.00118729 0.968198 0.00198939 
47.5 0.872151 0.00252901 0.057616 0.00137671 0.98404 0.000788257 0.785546 0.00495401 0.0226743 0.000859391 0.95602 0.00362493 0.847857 0.00311844 0.0506913 0.00141048 0.975242 0.00134036 0.85756 0.00284666 0.0612054 0.00160666 0.978506 0.00110244 
52.5 0.886859 0.00217183 0.0797239 0.0017398 0.986948 0.000598624 0.81666 0.00394958 0.0371677 0.00120475 0.966911 0.00218884 0.865817 0.00265479 0.0700938 0.00176771 0.979866 0.000978148 0.869765 0.002586 0.0781225 0.00194789 0.979625 0.000960302 
57.5 0.89656 0.00201126 0.109086 0.00230007 0.986611 0.00056843 0.853775 0.00296028 0.0632848 0.00171197 0.97616 0.0012418 0.878709 0.00242851 0.092606 0.00221948 0.980881 0.000872136 0.884786 0.00229454 0.100426 0.00231902 0.982526 0.000773259 
62.5 0.911482 0.00177384 0.154642 0.00301571 0.988081 0.000477997 0.873432 0.0025693 0.0933496 0.00232243 0.978815 0.00100304 0.896177 0.00209913 0.12574 0.00274118 0.984248 0.000669677 0.890167 0.00222518 0.117905 0.00267979 0.982386 0.000762523 
67.5 0.916279 0.00181275 0.189682 0.00371911 0.986923 0.000541267 0.882948 0.00247735 0.115852 0.00281705 0.978544 0.000999739 0.895213 0.0022276 0.135208 0.00305676 0.981846 0.00080528 0.879635 0.00256375 0.11185 0.00279015 0.976861 0.00109248 
72.5 0.898226 0.00242419 0.182044 0.00431289 0.977742 0.00105917 0.865482 0.00315892 0.11472 0.00329765 0.964686 0.00193688 0.861821 0.00325462 0.108539 0.00319026 0.962572 0.00209556 0.833538 0.00402621 0.0795494 0.00274226 0.943385 0.00376224 
77.5 0.848016 0.00411105 0.130856 0.00454645 0.938343 0.00428454 0.792284 0.00586352 0.0679711 0.00314686 0.861368 0.0155773 0.763795 0.00699626 0.0515681 0.00278084 0.749629 0.0497523 0.684952 0.011153 0.0253658 0.00211472 -0.996824 0.0440866 
82.5 0.554819 0.0277519 0.0152011 0.00336126 -1.48949 0.0924646 -0.558452 0.0315256 -0.0100975 0.00205791 1.59543 0.0777457 -0.720364 0.0166986 -0.0212425 0.00148826 1.29144 0.0223257 -0.841533 0.012315 -0.0279513 0.0010071 1.14784 0.0117431 
87.5 -1.10923 0.0111026 -0.0729157 0.000735782 0.97748 0.00760194 -1.17841 0.010788 -0.0576015 0.000752361 0.915022 0.0081673 -1.24466 0.0107725 -0.0485812 0.000821802 0.848129 0.0101742 -1.31431 0.0109452 -0.0394954 0.000852103 0.749108 0.0171881 
92.5 -1.9555 0.0239771 -0.0281306 0.00128211 -0.94675 0.00767929 -2.04217 0.0257519 -0.0182448 0.000995409 -0.984687 0.00725916 -2.13011 0.0277944 -0.0125654 0.000801498 -1.01721 0.00721209 -2.22148 0.0302664 -0.00880091 0.000646123 -1.0462 0.00744201 
97.5 -6.10224 0.718378 -0.000389807 0.000174929 -1.45872 0.0604504 -6.19745 0.762744 -0.000217509 0.000101175 -1.46574 0.0603343 -6.27568 0.779744 -0.000106661 5.31349e-05 -1.47828 0.0587418 -6.35955 0.774639 -4.76283e-05 2.63209e-05 -1.49867 0.0590169 
