0.5 0.185574 0.00265364 0.170406 0.00215478 0.202808 0.00265319 0.22549 0.00289998 
1.5 0.187968 0.00271573 0.174849 0.0023367 0.207775 0.00268984 0.230037 0.00308019 
2.5 0.195032 0.00281816 0.181151 0.00250509 0.20721 0.00284763 0.23716 0.00310567 
3.5 0.203023 0.00293734 0.187071 0.00247331 0.214748 0.00295022 0.240541 0.00306916 
4.5 0.20629 0.00283153 0.186782 0.00248058 0.220734 0.00277138 0.248377 0.0031237 
5.5 0.215733 0.00311674 0.190208 0.00256996 0.22636 0.00319999 0.246629 0.00320514 
6.5 0.224889 0.00305722 0.192222 0.00259182 0.22967 0.0031128 0.253055 0.0034239 
7.5 0.229624 0.0031735 0.196639 0.00265361 0.232627 0.00321599 0.264462 0.00338178 
8.5 0.238465 0.00316041 0.200567 0.00272448 0.237973 0.00319433 0.269644 0.00350402 
9.5 0.246539 0.00317446 0.205013 0.0027627 0.245426 0.00328321 0.269929 0.00345283 
10.5 0.260749 0.00311307 0.211105 0.00273686 0.248903 0.00326808 0.280201 0.00365241 
11.5 0.262621 0.00330975 0.2191 0.00297121 0.257981 0.00342078 0.289609 0.00362914 
12.5 0.267882 0.00332446 0.221793 0.00287565 0.26457 0.00342917 0.29738 0.00375059 
13.5 0.284824 0.00335551 0.231455 0.0031412 0.275073 0.00357736 0.306413 0.00392664 
14.5 0.291933 0.00328601 0.231403 0.00297227 0.273536 0.00339691 0.306212 0.00388017 
15.5 0.300497 0.00320955 0.238935 0.00306797 0.29087 0.00367192 0.315618 0.0037087 
16.5 0.318919 0.0034574 0.248868 0.00328907 0.298462 0.00375039 0.321996 0.00386265 
17.5 0.320918 0.00345589 0.247905 0.0033009 0.295388 0.00371901 0.326063 0.00407638 
18.5 0.33814 0.00338669 0.256708 0.00322879 0.312619 0.00368739 0.34247 0.00403171 
19.5 0.345414 0.00350847 0.265017 0.00337816 0.319516 0.00376434 0.350004 0.00417344 
20.5 0.352475 0.00355132 0.266642 0.0033977 0.330647 0.00392006 0.354544 0.00412062 
21.5 0.359554 0.00348005 0.272707 0.00348736 0.333598 0.00402919 0.363118 0.00420516 
22.5 0.378709 0.00360148 0.282094 0.00362262 0.348894 0.00398238 0.378787 0.00432454 
23.5 0.384367 0.00366692 0.286768 0.00355699 0.354032 0.00407943 0.372577 0.00425952 
24.5 0.384646 0.00356448 0.293329 0.00363465 0.356835 0.00406333 0.38366 0.00443818 
25.5 0.395202 0.00379783 0.303212 0.00367892 0.370066 0.00433653 0.397299 0.00460238 
26.5 0.401847 0.00376794 0.303134 0.00359981 0.375113 0.00412171 0.397749 0.00448633 
27.5 0.407431 0.00363691 0.31805 0.00385388 0.381394 0.00432589 0.41092 0.00455518 
28.5 0.420577 0.0037934 0.321273 0.00380429 0.39225 0.00429704 0.407566 0.00456809 
29.5 0.437127 0.00392732 0.330322 0.00405164 0.409989 0.00437569 0.426107 0.00461479 
30.5 0.436219 0.00390597 0.337568 0.00408289 0.405884 0.0044061 0.43419 0.00471108 
31.5 0.437961 0.00399128 0.344367 0.004006 0.413898 0.00451077 0.441862 0.00468931 
32.5 0.455282 0.00408479 0.352287 0.00430286 0.429568 0.00474838 0.442773 0.00492332 
33.5 0.454099 0.00394095 0.361391 0.00420799 0.430863 0.00441233 0.457701 0.00481581 
34.5 0.456425 0.00400226 0.370623 0.00423299 0.437569 0.00461035 0.474791 0.00485985 
35.5 0.470952 0.00408064 0.372647 0.00421956 0.449869 0.0045555 0.480152 0.00477184 
36.5 0.477134 0.00406009 0.381856 0.004527 0.45403 0.00471489 0.484376 0.00497695 
37.5 0.490372 0.00418212 0.394399 0.00447883 0.462665 0.00469462 0.494828 0.00497565 
38.5 0.495666 0.00425247 0.409791 0.00458897 0.479842 0.00485758 0.505935 0.00509114 
39.5 0.498394 0.00423642 0.402923 0.00440708 0.488759 0.0046988 0.507222 0.00498268 
40.5 0.50647 0.00424878 0.415457 0.0046844 0.484213 0.0048434 0.513423 0.00497445 
41.5 0.524052 0.00427473 0.428311 0.00478664 0.506961 0.00479693 0.526714 0.00500072 
42.5 0.525447 0.00430278 0.436254 0.00465456 0.505573 0.00476609 0.519005 0.0050929 
43.5 0.532657 0.00440765 0.438424 0.00472565 0.51827 0.00488269 0.535402 0.0051353 
44.5 0.534996 0.0045471 0.453632 0.00492599 0.526117 0.00500657 0.550704 0.00511756 
45.5 0.532901 0.00457599 0.463822 0.00482274 0.528488 0.00498052 0.558466 0.00503652 
46.5 0.54954 0.00454226 0.476135 0.00485615 0.548217 0.00489945 0.558902 0.00527801 
47.5 0.55263 0.00464278 0.477753 0.00497781 0.548423 0.00493492 0.568267 0.00503989 
48.5 0.569839 0.00475471 0.500646 0.00501059 0.568614 0.0051078 0.591591 0.00504874 
49.5 0.578864 0.00467228 0.50738 0.00505542 0.568157 0.00501259 0.587757 0.00503685 
50.5 0.582531 0.00471044 0.511235 0.00506532 0.575976 0.00499729 0.587756 0.00509842 
51.5 0.583042 0.00472432 0.516929 0.00510959 0.573812 0.00505851 0.582127 0.00515335 
52.5 0.595594 0.00477847 0.535117 0.00519017 0.594299 0.00496327 0.606556 0.00513691 
53.5 0.599697 0.00472163 0.544147 0.00509421 0.598707 0.00509696 0.622577 0.00494581 
54.5 0.608396 0.00486779 0.551497 0.00519852 0.608825 0.00506009 0.618565 0.00515705 
55.5 0.624756 0.00492237 0.565599 0.0052639 0.61774 0.00509522 0.627059 0.00506038 
56.5 0.620453 0.00497419 0.569616 0.00524594 0.618346 0.00505578 0.630272 0.00505065 
57.5 0.644996 0.00489998 0.579938 0.00516945 0.63594 0.00504807 0.641528 0.00514188 
58.5 0.642757 0.0049061 0.601746 0.00525543 0.636694 0.00508054 0.639891 0.00516926 
59.5 0.655954 0.00500587 0.59786 0.00522844 0.633365 0.00521375 0.641196 0.00507236 
60.5 0.670631 0.00483438 0.621399 0.00527172 0.648117 0.00516412 0.659695 0.00508052 
61.5 0.671974 0.00499987 0.622798 0.00526027 0.663265 0.00505812 0.657464 0.00509312 
62.5 0.687826 0.00496803 0.630536 0.00530643 0.665863 0.00514418 0.661423 0.00521609 
63.5 0.68944 0.00498439 0.638912 0.00527161 0.660775 0.00515448 0.650924 0.00528823 
64.5 0.694337 0.00500289 0.643303 0.00528827 0.668797 0.00516793 0.663883 0.00519111 
65.5 0.698874 0.00503203 0.647893 0.00534447 0.670662 0.00521419 0.655975 0.00539781 
66.5 0.698784 0.00514223 0.653163 0.0052358 0.668298 0.0052368 0.652029 0.00537903 
67.5 0.722369 0.00508676 0.660659 0.00544219 0.683818 0.00528854 0.663299 0.00543583 
68.5 0.719198 0.00507402 0.665494 0.00538514 0.67627 0.00528223 0.659788 0.00536097 
69.5 0.733849 0.00508493 0.679603 0.00525105 0.689901 0.00521288 0.661495 0.0054299 
70.5 0.722896 0.00534091 0.6578 0.00563472 0.671473 0.00554577 0.647122 0.00568156 
71.5 0.720944 0.0054884 0.670521 0.00567935 0.670616 0.00562085 0.640968 0.00582968 
72.5 0.733272 0.00552309 0.671456 0.00580163 0.677955 0.00564415 0.642976 0.00583579 
73.5 0.736275 0.00558218 0.67517 0.00575852 0.670467 0.00574735 0.63974 0.00587912 
74.5 0.724924 0.00576168 0.65958 0.00596964 0.646715 0.00598751 0.617694 0.00614054 
75.5 0.728885 0.0058323 0.666698 0.00610458 0.644662 0.00619523 0.616435 0.00624413 
76.5 0.723868 0.00596374 0.66138 0.00606082 0.641843 0.00617522 0.603497 0.00631254 
77.5 0.709402 0.00636164 0.642133 0.00651617 0.622363 0.00663339 0.580516 0.00677546 
78.5 0.691403 0.00665407 0.621439 0.00672247 0.601885 0.00670398 0.556523 0.00687126 
79.5 0.692719 0.00685623 0.627132 0.00689016 0.596799 0.00690463 0.552238 0.00698326 
80.5 0.6881 0.00697308 0.618924 0.00702564 0.587559 0.00706145 0.537447 0.00714369 
81.5 0.653906 0.00744701 0.58626 0.00742549 0.553036 0.00748386 0.511828 0.00753519 
82.5 0.642508 0.00772466 0.579743 0.00762628 0.539702 0.00768177 0.497301 0.00762578 
83.5 0.596394 0.00817036 0.532409 0.0080643 0.494339 0.00799971 0.452064 0.00792066 
84.5 0.578517 0.00849407 0.514129 0.00825109 0.47078 0.00822565 0.425725 0.00809452 
85.5 0.549009 0.00891402 0.492792 0.00866354 0.450407 0.0085165 0.40913 0.00833766 
86.5 0.508197 0.00928726 0.449667 0.00897466 0.41157 0.00880368 0.369056 0.00858306 
87.5 0.474925 0.00952955 0.420318 0.00912215 0.378935 0.00892791 0.337501 0.00868821 
88.5 0.420146 0.0099592 0.370695 0.00949194 0.334669 0.00919319 0.301452 0.00890307 
89.5 0.366478 0.0100908 0.321308 0.00960736 0.284462 0.00930526 0.253719 0.00907193 
90.5 0.306157 0.0104835 0.268953 0.00983739 0.236571 0.00926813 0.209809 0.0088312 
91.5 0.246343 0.0106967 0.213233 0.0100745 0.188287 0.00961601 0.164955 0.00920908 
92.5 0.192029 0.0106339 0.164524 0.00985599 0.139539 0.00921626 0.120113 0.00867193 
93.5 0.146311 0.011209 0.125911 0.0103935 0.111857 0.00976517 0.0957224 0.00897359 
94.5 0.0849211 0.0112641 0.0732423 0.0105461 0.0643856 0.0101081 0.056983 0.00982355 
95.5 0.0457736 0.0115717 0.0394983 0.00983237 0.0325994 0.00811886 0.0257952 0.00652021 
96.5 0.0236971 0.0151956 0.0190739 0.0152454 0.0153032 0.0136038 0.0120656 0.0112034 
97.5 0 0 0 0 0 0 0 0 
98.5 0 0 0 0 0 0 0 0 
99.5 0 0 0 0 0 0 0 0 
