2.5 0.393693 0.0847431 0.000275312 0.000243163 -1.19254 0.408102 0.583437 0.0207643 0.00179677 0.000265902 0.695577 0.276769 0.68735 0.0100863 0.00572104 0.000388118 0.908272 0.0173043 0.734507 0.00725243 0.0107565 0.000536723 0.946552 0.00694963 
7.5 0.513827 0.0336484 0.00128329 0.000341304 0.683601 0.670527 0.609833 0.0172585 0.00313263 0.000374795 0.792839 0.100511 0.703418 0.00890368 0.00905232 0.000551237 0.907372 0.0148236 0.757773 0.00608111 0.0171063 0.000751549 0.946081 0.0054774 
12.5 0.646903 0.0127984 0.00520246 0.000455437 0.832866 0.0500117 0.683398 0.0103936 0.00749488 0.000520802 0.91699 0.0165064 0.765344 0.00581032 0.0186774 0.000786794 0.952445 0.00461717 0.796761 0.00456584 0.0301749 0.00108557 0.958197 0.00312138 
17.5 0.764282 0.00605022 0.0171835 0.000732227 0.959269 0.00428265 0.740772 0.00684811 0.0158419 0.000762029 0.941743 0.00692777 0.806662 0.00426425 0.0336484 0.00114612 0.964097 0.00254672 0.83673 0.00334287 0.0512643 0.00150686 0.971347 0.00162954 
22.5 0.794205 0.00468959 0.0306717 0.00110604 0.962776 0.0029661 0.779433 0.00512029 0.0286119 0.00112702 0.947562 0.00442398 0.834865 0.00341427 0.0554563 0.00166131 0.969015 0.0017653 0.8614 0.00280347 0.0775953 0.0020484 0.975939 0.00117907 
27.5 0.836388 0.00334447 0.0545305 0.00157253 0.975605 0.0014652 0.818359 0.00387146 0.0513631 0.00168425 0.960816 0.00247277 0.863629 0.00273937 0.0849759 0.00221684 0.976382 0.00113848 0.886926 0.00223241 0.115578 0.00264964 0.982235 0.000754302 
32.5 0.856404 0.00290194 0.085598 0.00231156 0.97485 0.00128242 0.858654 0.0028235 0.0879269 0.00234546 0.975203 0.00122631 0.891896 0.00213348 0.130097 0.00289495 0.983419 0.000689219 0.907723 0.0018638 0.158015 0.00320686 0.986352 0.000539773 
37.5 0.882036 0.00236031 0.130512 0.00310536 0.980256 0.000875021 0.888924 0.00224193 0.138827 0.00319571 0.981399 0.000795809 0.908892 0.00189437 0.174557 0.0035679 0.985728 0.000574254 0.92132 0.00166052 0.19839 0.00369685 0.988543 0.000448873 
42.5 0.900643 0.00212945 0.183895 0.00405528 0.982362 0.000759029 0.895394 0.00226574 0.169868 0.00391506 0.980023 0.000873413 0.914755 0.00187967 0.203795 0.00410815 0.985529 0.000595836 0.919763 0.00180854 0.208858 0.00407516 0.986539 0.000554965 
47.5 0.897146 0.00242875 0.203105 0.00484735 0.97713 0.00107281 0.897541 0.00242133 0.191655 0.00456099 0.977317 0.00106129 0.90843 0.00220859 0.207016 0.0045871 0.980881 0.000871493 0.909807 0.00217535 0.200474 0.00439013 0.981479 0.000841983 
52.5 0.87524 0.00329932 0.18608 0.00547391 0.959712 0.00232622 0.869171 0.00344301 0.161811 0.00491729 0.956475 0.00259171 0.873151 0.00335367 0.159088 0.00472802 0.958946 0.00240844 0.867188 0.00348793 0.140519 0.00430577 0.955854 0.00266191 
57.5 0.807207 0.00593215 0.116534 0.00541589 0.852792 0.0171974 0.78791 0.00665632 0.0907354 0.00465733 0.788166 0.0343734 0.78174 0.00689898 0.0793874 0.00420099 0.759331 0.0453632 0.753546 0.00813845 0.0583057 0.00357766 -0.680979 0.122526 
62.5 0.557843 0.0281315 0.0186946 0.00417184 -1.49526 0.0933783 0.411917 0.073782 0.00453394 0.00334883 -2.09042 0.395362 -0.382278 0.0963308 -0.00289548 0.00285317 2.29771 0.558416 -0.574903 0.0303085 -0.0121468 0.00228394 1.57177 0.0708162 
67.5 -0.783651 0.0160059 -0.0477053 0.0026427 1.2499 0.0182087 -0.837287 0.0140364 -0.0487824 0.0019657 1.18793 0.0137214 -0.876167 0.0129629 -0.047631 0.00153657 1.14758 0.0115301 -0.922692 0.0119854 -0.0463819 0.00116152 1.10355 0.00972651 
72.5 -1.08704 0.0114106 -0.0864515 0.000814934 1.00025 0.00767515 -1.12392 0.0111337 -0.0745706 0.000700005 0.968709 0.00761936 -1.16206 0.0109919 -0.0653488 0.000686991 0.936615 0.00785715 -1.19901 0.0109368 -0.0570002 0.000710866 0.903671 0.00842296 
77.5 -1.3238 0.0123289 -0.0847608 0.00101271 0.827855 0.0113757 -1.36107 0.0124311 -0.069591 0.00107892 0.775675 0.0149367 -1.39722 0.0125934 -0.0580887 0.00108488 0.705966 0.0231278 -1.43703 0.0128366 -0.0481198 0.00106016 0.544431 0.0836335 
82.5 -1.64852 0.0168901 -0.0564971 0.00157023 -0.792408 0.0136885 -1.69082 0.0173711 -0.0439092 0.00140009 -0.836512 0.010758 -1.74294 0.0180678 -0.0345208 0.00125603 -0.875986 0.00903075 -1.79154 0.0188428 -0.027584 0.00111794 -0.905241 0.00814307 
87.5 -2.16662 0.0316779 -0.0242676 0.00132826 -0.995347 0.00771085 -2.22895 0.0332881 -0.0172461 0.00106057 -1.01785 0.0076514 -2.29279 0.0350165 -0.0126067 0.000864453 -1.03908 0.00774779 -2.36174 0.0371197 -0.00916887 0.000699372 -1.05983 0.00799381 
92.5 -3.32221 0.101992 -0.00418186 0.000596113 -1.19574 0.0139782 -3.48549 0.113139 -0.00274905 0.000453902 -1.22543 0.0158774 -3.63093 0.125979 -0.00189871 0.00035092 -1.24807 0.0174591 -3.76125 0.138613 -0.0013553 0.000277305 -1.26831 0.0187959 
97.5 -7.81919 2.09262 -0.000141235 9.98381e-05 -1.575 0.132727 -7.81923 2.09255 -7.19977e-05 5.08971e-05 -1.57501 0.132714 -7.81927 2.0925 -3.15108e-05 2.22767e-05 -1.57502 0.132703 -7.81929 2.09247 -1.23387e-05 8.72313e-06 -1.57503 0.132697 
