0.5 0.295305 0.00288091 0.323456 0.00300208 0.357867 0.00316744 0.398924 0.00340867 
1.5 0.304021 0.00297242 0.333328 0.00311149 0.372931 0.00327731 0.406812 0.00333699 
2.5 0.313871 0.00299466 0.339525 0.00312431 0.378802 0.00327581 0.412782 0.00344105 
3.5 0.321873 0.00308653 0.353263 0.00318738 0.389 0.00346376 0.422663 0.00348369 
4.5 0.329518 0.0032033 0.352905 0.00315075 0.394835 0.00342913 0.422091 0.00344239 
5.5 0.336573 0.0031966 0.35166 0.00322872 0.398616 0.00343441 0.423112 0.00356765 
6.5 0.338171 0.00316502 0.361859 0.00326077 0.399336 0.00338352 0.434079 0.00350348 
7.5 0.345421 0.00324533 0.363754 0.00328275 0.40566 0.00350268 0.438443 0.00353201 
8.5 0.355889 0.00325615 0.381769 0.0034003 0.415783 0.00347662 0.449843 0.00354733 
9.5 0.36193 0.00336361 0.377578 0.00341828 0.42048 0.00355189 0.449147 0.00364334 
10.5 0.376983 0.00344738 0.390176 0.00344726 0.431123 0.00354586 0.456913 0.00360098 
11.5 0.379651 0.00344091 0.395336 0.0035436 0.436348 0.00357138 0.462704 0.00363374 
12.5 0.383785 0.00349734 0.398983 0.00360413 0.440988 0.00361288 0.47132 0.00367131 
13.5 0.402853 0.0035203 0.417679 0.00361535 0.453355 0.00374251 0.484751 0.00372807 
14.5 0.408357 0.00361279 0.423778 0.00364546 0.465544 0.00371728 0.489677 0.00371266 
15.5 0.418164 0.00359472 0.429865 0.0036689 0.473175 0.00376 0.495798 0.00373473 
16.5 0.432629 0.00365016 0.433665 0.00367126 0.479405 0.0037313 0.499088 0.00374274 
17.5 0.433986 0.00371737 0.443557 0.00372909 0.48145 0.00377762 0.502671 0.00381847 
18.5 0.453724 0.00375962 0.454413 0.00375673 0.499473 0.00377797 0.519505 0.00373687 
19.5 0.468535 0.0038397 0.46916 0.00386653 0.508209 0.00381782 0.526773 0.00376969 
20.5 0.472563 0.00384082 0.473526 0.00388667 0.513804 0.0038827 0.531781 0.00383395 
21.5 0.472977 0.00384557 0.479785 0.00387727 0.513333 0.00387306 0.532805 0.00376551 
22.5 0.489471 0.00385841 0.491018 0.00386852 0.530383 0.00380269 0.542545 0.00374019 
23.5 0.498123 0.00383578 0.49362 0.00391318 0.527523 0.00388821 0.544349 0.00379263 
24.5 0.506289 0.00388042 0.498775 0.00393701 0.536666 0.00381911 0.549791 0.00378722 
25.5 0.524337 0.00399953 0.526048 0.00398502 0.559797 0.00382857 0.573683 0.00375367 
26.5 0.52259 0.00387601 0.529839 0.00388607 0.54848 0.00389946 0.562273 0.00377473 
27.5 0.537505 0.00392204 0.53761 0.00392195 0.562007 0.00381039 0.573128 0.00370848 
28.5 0.547684 0.00398239 0.538129 0.00398076 0.571283 0.00379019 0.575736 0.0036739 
29.5 0.563523 0.00395559 0.556522 0.00396658 0.577479 0.00381313 0.584606 0.00368416 
30.5 0.565537 0.00395959 0.559897 0.00390053 0.580302 0.0038225 0.588096 0.00364649 
31.5 0.577641 0.00400999 0.568034 0.00401033 0.58686 0.00383018 0.590049 0.00369234 
32.5 0.586415 0.00401419 0.577599 0.00399778 0.593256 0.0037781 0.596052 0.00373683 
33.5 0.59246 0.00402769 0.588627 0.00397544 0.601177 0.00377132 0.600623 0.00365375 
34.5 0.610789 0.00404913 0.601419 0.00401787 0.60508 0.00388124 0.602091 0.00370282 
35.5 0.615579 0.00402383 0.598862 0.00400262 0.60741 0.00380857 0.601799 0.00368196 
36.5 0.625686 0.00404906 0.605452 0.00391457 0.621263 0.00369062 0.60268 0.00364502 
37.5 0.631675 0.00406351 0.611986 0.00400052 0.617204 0.00380425 0.602206 0.00370071 
38.5 0.638546 0.00403078 0.627223 0.00388468 0.621652 0.00371703 0.610592 0.00362524 
39.5 0.639635 0.00405734 0.624256 0.00395698 0.625681 0.00374398 0.606835 0.0036743 
40.5 0.655389 0.00410256 0.63616 0.00388046 0.633115 0.0037522 0.610628 0.00372042 
41.5 0.662097 0.00407326 0.636783 0.00395544 0.634696 0.00373597 0.608425 0.00369564 
42.5 0.664545 0.00411003 0.632818 0.00405136 0.627128 0.00386298 0.598858 0.0038288 
43.5 0.665372 0.0041215 0.638173 0.00399612 0.622838 0.0038491 0.595828 0.00375782 
44.5 0.670809 0.00415308 0.642136 0.0040309 0.625003 0.00388412 0.5944 0.00385301 
45.5 0.679535 0.00412628 0.647402 0.00402615 0.625798 0.00391961 0.596996 0.00385683 
46.5 0.676605 0.004198 0.643797 0.00405088 0.624644 0.00388836 0.590415 0.00387746 
47.5 0.67715 0.00425636 0.642811 0.00408695 0.61782 0.00400128 0.58714 0.00392081 
48.5 0.685416 0.00422611 0.645511 0.00415067 0.616974 0.00405626 0.58668 0.00401069 
49.5 0.686487 0.0042838 0.642082 0.0041873 0.612111 0.00409879 0.57337 0.00404083 
50.5 0.682457 0.0043539 0.634622 0.00432954 0.600632 0.00421909 0.559472 0.00415994 
51.5 0.678275 0.00443387 0.632184 0.00437139 0.59539 0.0042605 0.554174 0.00425063 
52.5 0.665792 0.00455461 0.621705 0.00445314 0.587407 0.00434146 0.548523 0.00428196 
53.5 0.666369 0.00464395 0.621929 0.00447866 0.584426 0.00439192 0.53826 0.00434254 
54.5 0.662434 0.00471713 0.611942 0.00466273 0.574496 0.00452479 0.528735 0.00446052 
55.5 0.662838 0.0047682 0.612339 0.00463627 0.568916 0.00457026 0.525351 0.00450639 
56.5 0.649507 0.00491987 0.59456 0.00475229 0.54854 0.00462162 0.497785 0.00456687 
57.5 0.652679 0.0049682 0.597804 0.0048355 0.551564 0.00474246 0.501139 0.00465883 
58.5 0.630749 0.00517088 0.570139 0.00500777 0.522045 0.00486913 0.47476 0.00474183 
59.5 0.629249 0.00521413 0.572072 0.00506961 0.523945 0.00493096 0.479925 0.00481894 
60.5 0.609893 0.00539009 0.554179 0.00520012 0.505123 0.00504709 0.458355 0.00488572 
61.5 0.599536 0.00547049 0.53831 0.00529173 0.48742 0.00513859 0.440707 0.00502015 
62.5 0.58588 0.00558029 0.525616 0.00538358 0.474833 0.00521453 0.431261 0.00504996 
63.5 0.576934 0.00567816 0.515022 0.00548864 0.466003 0.00531326 0.419991 0.00518242 
64.5 0.565295 0.00582412 0.505029 0.00561372 0.457678 0.00541369 0.409462 0.00523969 
65.5 0.54328 0.00594372 0.483379 0.00564444 0.43211 0.00540856 0.386615 0.0052033 
66.5 0.530855 0.0060012 0.468903 0.00575036 0.417563 0.00549169 0.371504 0.00530435 
67.5 0.526714 0.00606372 0.465856 0.00580945 0.414743 0.00559493 0.369215 0.0053746 
68.5 0.492437 0.00620719 0.429941 0.00591476 0.379449 0.00565848 0.338357 0.00542653 
69.5 0.495128 0.00626217 0.433237 0.0059434 0.38448 0.00570169 0.342094 0.00545557 
70.5 0.470387 0.0064108 0.40924 0.00606826 0.362639 0.00578316 0.319714 0.00549435 
71.5 0.447773 0.00650816 0.390474 0.0061646 0.343639 0.00585161 0.303401 0.00559568 
72.5 0.442049 0.00651327 0.383152 0.00616397 0.33816 0.00584608 0.298172 0.00558578 
73.5 0.416903 0.00667089 0.360118 0.00629067 0.316306 0.00593629 0.27823 0.0056089 
74.5 0.385733 0.00676464 0.329819 0.00636428 0.28655 0.00600072 0.252301 0.00567409 
75.5 0.385646 0.00676335 0.334634 0.00635126 0.292378 0.00602037 0.257391 0.00569218 
76.5 0.374061 0.00683243 0.318873 0.00638349 0.276882 0.00599123 0.240829 0.00564746 
77.5 0.333309 0.00692591 0.284716 0.0064692 0.247793 0.00610988 0.215731 0.00576196 
78.5 0.330874 0.00696051 0.283177 0.00647286 0.24533 0.00607197 0.214137 0.00571359 
79.5 0.310382 0.00693408 0.262168 0.00645906 0.225927 0.0060457 0.196069 0.00563571 
80.5 0.281882 0.00709452 0.239534 0.00664433 0.208448 0.00627891 0.181821 0.00595096 
81.5 0.260789 0.00707109 0.218665 0.00656039 0.188126 0.00610688 0.162965 0.00570897 
82.5 0.25543 0.00710347 0.214806 0.00662228 0.184212 0.00621992 0.160661 0.00585926 
83.5 0.221883 0.0070625 0.183394 0.00656052 0.155905 0.00619342 0.1356 0.00585173 
84.5 0.2168 0.0071663 0.18082 0.00659325 0.153735 0.00614763 0.132312 0.00574359 
85.5 0.172765 0.00706455 0.142184 0.00649836 0.120853 0.00607198 0.103956 0.0057025 
86.5 0.180392 0.00714294 0.147187 0.00654669 0.12458 0.00609021 0.107291 0.00572397 
87.5 0.155176 0.00702354 0.125 0.00643447 0.103011 0.00603145 0.0878495 0.00569093 
88.5 0.129173 0.00690822 0.101911 0.00636832 0.0840345 0.00604082 0.0717934 0.00578444 
89.5 0.0932551 0.00674172 0.0722657 0.00621153 0.0592124 0.00598558 0.0495593 0.00557852 
90.5 0.0846605 0.00659113 0.0646133 0.00598688 0.0505225 0.00554062 0.0421123 0.0051578 
91.5 0.0713227 0.00694663 0.0559989 0.00626131 0.0454737 0.00577058 0.0391286 0.00526563 
92.5 0.0474615 0.00670506 0.0366163 0.0058608 0.0290791 0.00546082 0.0244432 0.0054325 
93.5 0.0307607 0.00611018 0.0219684 0.00524625 0.0167726 0.00502081 0.0142037 0.00511078 
94.5 0.0186614 0.00962525 0.0148409 0.0106577 0.0121955 0.0108958 0.0101167 0.00889562 
95.5 0 0 0 0 0 0 0 0 
96.5 0 0 0 0 0 0 0 0 
97.5 0 0 0 0 0 0 0 0 
98.5 0 0 0 0 0 0 0 0 
99.5 0 0 0 0 0 0 0 0 
