0.5 0.297389 0.00299825 0.325362 0.00306173 0.363657 0.00323763 0.392101 0.00332323 
1.5 0.305147 0.00293371 0.334052 0.00309561 0.375461 0.00333281 0.407013 0.00340734 
2.5 0.312758 0.00299139 0.339869 0.00309358 0.377504 0.00331002 0.414716 0.00348257 
3.5 0.320756 0.00313719 0.355258 0.00326569 0.387783 0.00342316 0.421073 0.00339445 
4.5 0.327693 0.00318641 0.350603 0.00316336 0.389371 0.00332106 0.422048 0.00349691 
5.5 0.336578 0.00324816 0.351927 0.00326495 0.399752 0.00342708 0.427582 0.00354416 
6.5 0.340313 0.00321574 0.362434 0.0032256 0.401635 0.0034218 0.4381 0.00352897 
7.5 0.343516 0.00333185 0.369474 0.00329999 0.412267 0.00345017 0.435385 0.00354677 
8.5 0.356354 0.00325353 0.376869 0.0033744 0.417338 0.0035451 0.44692 0.00356499 
9.5 0.357002 0.00334886 0.377738 0.00345463 0.422012 0.00358445 0.450098 0.00360397 
10.5 0.373203 0.00344012 0.38611 0.00349435 0.430483 0.00355654 0.458453 0.00355937 
11.5 0.379747 0.00348155 0.39676 0.00359014 0.437542 0.00365233 0.46707 0.00364065 
12.5 0.387469 0.00354625 0.402719 0.00363194 0.443254 0.00368233 0.471811 0.00365707 
13.5 0.404282 0.00355086 0.412983 0.00359192 0.449122 0.00364414 0.480131 0.00362833 
14.5 0.409423 0.00364008 0.422794 0.00374208 0.462557 0.00371915 0.488446 0.00373557 
15.5 0.4174 0.00363244 0.427375 0.00362555 0.469117 0.00362433 0.496092 0.00368165 
16.5 0.433175 0.00364782 0.439155 0.00368417 0.480222 0.00378952 0.508325 0.00372966 
17.5 0.436 0.00373704 0.446373 0.0037217 0.484269 0.00383041 0.504108 0.00382097 
18.5 0.452492 0.00373669 0.456392 0.00372015 0.49979 0.0037585 0.520187 0.00375239 
19.5 0.462647 0.00377926 0.470224 0.00385924 0.496864 0.00383902 0.526167 0.003757 
20.5 0.473954 0.00381322 0.473652 0.00389776 0.51373 0.00387764 0.531866 0.003784 
21.5 0.479157 0.00384606 0.480441 0.0038645 0.51054 0.00381684 0.534673 0.00372946 
22.5 0.491952 0.00386327 0.49873 0.00385714 0.530352 0.00386672 0.547875 0.00376628 
23.5 0.496744 0.00381046 0.495522 0.00384786 0.526355 0.00384118 0.549161 0.00369815 
24.5 0.507835 0.00394372 0.509108 0.00396438 0.543738 0.00383681 0.557433 0.00370874 
25.5 0.526659 0.00400733 0.519215 0.00391529 0.557805 0.0038365 0.567479 0.00369438 
26.5 0.521682 0.00392506 0.533364 0.00392255 0.555723 0.00383136 0.564311 0.00376916 
27.5 0.534767 0.00393822 0.532405 0.00390559 0.558601 0.0038219 0.569839 0.00368819 
28.5 0.556443 0.00399514 0.548247 0.00397664 0.575099 0.003785 0.575794 0.00370416 
29.5 0.562157 0.0039405 0.553461 0.00400837 0.575724 0.00380917 0.582937 0.00370358 
30.5 0.564959 0.00398542 0.559449 0.00396519 0.580061 0.00381009 0.585379 0.00368625 
31.5 0.576678 0.00407816 0.564111 0.00407117 0.590351 0.00383229 0.587057 0.00373432 
32.5 0.582823 0.00408025 0.572462 0.00397564 0.589911 0.00380407 0.58965 0.00367295 
33.5 0.589722 0.00406858 0.583039 0.0040267 0.596877 0.00381527 0.590904 0.00370485 
34.5 0.605058 0.00405763 0.600243 0.00402463 0.606405 0.00385269 0.60185 0.00367256 
35.5 0.619439 0.00404686 0.602907 0.0039829 0.61584 0.00376227 0.600462 0.00372069 
36.5 0.622923 0.00400297 0.605735 0.00393535 0.612844 0.00377064 0.60506 0.00365686 
37.5 0.63012 0.00411054 0.613243 0.00401198 0.620006 0.00374094 0.604961 0.0036783 
38.5 0.639805 0.00403385 0.62324 0.0038857 0.620396 0.00379582 0.609555 0.00365954 
39.5 0.645694 0.00409266 0.630436 0.00391537 0.626185 0.00373123 0.608674 0.0036624 
40.5 0.657092 0.00407626 0.627906 0.00400571 0.627718 0.00379593 0.605334 0.00371166 
41.5 0.662846 0.00409985 0.636755 0.00395681 0.635643 0.00376657 0.608069 0.00370645 
42.5 0.663473 0.00410923 0.638741 0.00401749 0.62772 0.00383532 0.604048 0.00377091 
43.5 0.662847 0.004126 0.63422 0.00401026 0.619539 0.00388757 0.59652 0.00375084 
44.5 0.670121 0.00415382 0.639091 0.00404883 0.624195 0.00386359 0.596692 0.003771 
45.5 0.677632 0.00412621 0.648136 0.00403275 0.626874 0.00389266 0.598685 0.00383482 
46.5 0.674192 0.00415416 0.644324 0.00403196 0.624199 0.00390475 0.590235 0.00387817 
47.5 0.683467 0.00415955 0.643637 0.00408374 0.617936 0.0039791 0.58907 0.00392789 
48.5 0.687665 0.00419017 0.644542 0.00412022 0.614615 0.00402123 0.584034 0.00398893 
49.5 0.685245 0.0042973 0.645402 0.00418678 0.611087 0.00409742 0.573813 0.00401633 
50.5 0.675466 0.00439129 0.634302 0.00432769 0.601465 0.00423108 0.558729 0.00418355 
51.5 0.683087 0.00440092 0.636048 0.00434393 0.600309 0.00428286 0.557693 0.00424986 
52.5 0.66959 0.0045279 0.62359 0.00443424 0.587168 0.00433272 0.548107 0.00427136 
53.5 0.668469 0.00460646 0.624223 0.00447059 0.584588 0.00438535 0.540797 0.00433951 
54.5 0.663544 0.004728 0.617037 0.00459036 0.57427 0.00451699 0.530372 0.00444977 
55.5 0.667317 0.00471057 0.612914 0.00461841 0.567241 0.00456313 0.521336 0.0044931 
56.5 0.649579 0.00488116 0.598877 0.00474803 0.549882 0.00464156 0.504417 0.0045768 
57.5 0.65283 0.00497425 0.598456 0.00482823 0.54961 0.00474931 0.501508 0.00466097 
58.5 0.634289 0.00513699 0.571999 0.00498149 0.522824 0.0048576 0.475381 0.00472067 
59.5 0.628303 0.00521285 0.566887 0.00510201 0.518803 0.00497231 0.476071 0.00482927 
60.5 0.614427 0.00537706 0.556665 0.00519982 0.50478 0.00505562 0.455943 0.00490054 
61.5 0.59802 0.00546443 0.538807 0.00530005 0.487028 0.00513371 0.4392 0.00496799 
62.5 0.587307 0.00558625 0.527853 0.00537086 0.478534 0.00520636 0.430884 0.00503142 
63.5 0.574454 0.00568345 0.514302 0.00549327 0.466979 0.00530881 0.421779 0.00515266 
64.5 0.558919 0.00582879 0.502398 0.00558352 0.451984 0.00541548 0.409393 0.00525086 
65.5 0.543652 0.0059509 0.482378 0.00566144 0.432823 0.00543646 0.386842 0.00523456 
66.5 0.528953 0.00599641 0.464823 0.005726 0.414669 0.00551144 0.370467 0.00528229 
67.5 0.528062 0.00606707 0.465779 0.00583586 0.4161 0.00560713 0.36949 0.00537646 
68.5 0.490783 0.00621462 0.430046 0.00591746 0.380142 0.00565477 0.336576 0.00538191 
69.5 0.494313 0.00627736 0.432638 0.00596166 0.386328 0.00570229 0.342242 0.00544666 
70.5 0.469545 0.00641073 0.411324 0.00607496 0.364642 0.00578864 0.323158 0.00551281 
71.5 0.44355 0.00652939 0.387549 0.00618974 0.343164 0.00590375 0.304846 0.00566522 
72.5 0.444099 0.00650734 0.38542 0.00614338 0.337239 0.0058353 0.297094 0.00553022 
73.5 0.416202 0.00666196 0.360597 0.00625747 0.316298 0.00594141 0.279224 0.0056551 
74.5 0.385115 0.00677551 0.330284 0.00634361 0.288124 0.00597629 0.251518 0.0056273 
75.5 0.386637 0.00678205 0.3317 0.00635989 0.289756 0.00603168 0.253991 0.0056665 
76.5 0.365389 0.00679057 0.312312 0.00636208 0.269888 0.00598864 0.237229 0.00566236 
77.5 0.335031 0.00691075 0.284436 0.00644625 0.244244 0.00605806 0.212715 0.00572643 
78.5 0.335703 0.00696563 0.285331 0.0064732 0.247461 0.00609524 0.214792 0.00575579 
79.5 0.307954 0.00694098 0.259891 0.00644082 0.222256 0.00602832 0.192408 0.00569245 
80.5 0.281241 0.00703898 0.238315 0.00659763 0.20599 0.0062179 0.180143 0.00589298 
81.5 0.261337 0.00702993 0.218509 0.00652198 0.187379 0.00612099 0.162448 0.00579795 
82.5 0.256273 0.00715678 0.21644 0.00664118 0.185791 0.00625131 0.162193 0.00587048 
83.5 0.221812 0.00703384 0.183422 0.00646157 0.152952 0.00605706 0.129955 0.00573643 
84.5 0.212047 0.0071021 0.177125 0.00660154 0.151669 0.00620532 0.131744 0.00581885 
85.5 0.172115 0.00704028 0.139881 0.00634137 0.115465 0.00580747 0.0981606 0.00539529 
86.5 0.175881 0.00710198 0.145929 0.00648919 0.123521 0.00603203 0.10526 0.005635 
87.5 0.152265 0.0070799 0.124719 0.00658302 0.105634 0.00620601 0.0911166 0.00585322 
88.5 0.128008 0.00708731 0.103063 0.0065551 0.0856506 0.00607871 0.0719961 0.0056938 
89.5 0.0964851 0.00673927 0.0733473 0.00632015 0.0593633 0.00603838 0.0502452 0.00572903 
90.5 0.0827955 0.00703997 0.0658263 0.00642843 0.0538868 0.00588464 0.0449116 0.00536716 
91.5 0.073861 0.00717526 0.0593198 0.00631297 0.0482508 0.00552045 0.0389323 0.00485786 
92.5 0.0467174 0.0069941 0.0379346 0.00605252 0.0292456 0.00543652 0.0236082 0.00466547 
93.5 0.0324077 0.00729165 0.025239 0.00613944 0.0191808 0.00513492 0.0147474 0.00410681 
94.5 0.0175088 0.00785727 0.0125002 0.00916159 0.010223 0.00947699 0.00904304 0.00862447 
95.5 0 0 0 0 0 0 0 0 
96.5 0 0 0 0 0 0 0 0 
97.5 0 0 0 0 0 0 0 0 
98.5 0 0 0 0 0 0 0 0 
99.5 0 0 0 0 0 0 0 0 
