2.5 -0.60806 0.030041 -0.000419632 8.31585e-05 0.979154 0.0860121 -0.505908 0.0599723 -0.000137864 6.37686e-05 -1.17298 0.135977 -0.406451 0.104613 -9.03096e-05 8.60644e-05 -1.25559 2.34649 0.509424 0.0372072 0.000312464 9.28873e-05 0.890925 0.393844 
7.5 -0.241929 0.77337 -1.93476e-05 0.000110398 2.58984 13.1505 -0.490011 0.0496304 -0.000165958 6.65602e-05 1.14893 0.124906 0.419993 0.0645542 0.000153053 9.53922e-05 -1.23153 0.286804 0.4141 0.068401 0.000188219 0.000126277 -1.29692 0.289447 
12.5 0.690676 0.0107886 0.0026379 0.000183055 0.96363 0.0110993 -0.365021 0.13631 -7.62376e-05 0.00010223 1.36787 0.703258 0.567773 0.0236525 0.000859867 0.00014778 0.641884 1.10605 0.530215 0.0293238 0.000743861 0.000167988 -0.822259 0.270371 
17.5 0.805304 0.00463103 0.00925603 0.000307259 0.983572 0.00195786 0.508714 0.0346412 0.000495991 0.000137439 -0.907576 0.230516 0.652854 0.0126342 0.00244658 0.000209818 0.848753 0.0415026 0.669506 0.0114734 0.00295455 0.00022939 0.858414 0.0327491 
22.5 0.843096 0.00341305 0.0180077 0.000477635 0.99016 0.00106412 0.562507 0.0227041 0.00119971 0.000200627 -0.802369 0.212495 0.717248 0.00829452 0.00579555 0.000324974 0.936168 0.00941857 0.707472 0.00869315 0.00559357 0.000332586 0.912495 0.0135968 
27.5 0.857632 0.00291249 0.0278177 0.000693292 0.987246 0.000845512 0.658217 0.0121743 0.00346185 0.000286226 0.847435 0.0396369 0.765698 0.00573958 0.0112726 0.000473309 0.950294 0.00481181 0.764349 0.00578744 0.0106323 0.000450329 0.948435 0.0049937 
32.5 0.869111 0.00261962 0.0391443 0.000925794 0.987158 0.000728033 0.71686 0.00815732 0.00739612 0.000416119 0.916454 0.0118787 0.796778 0.00464042 0.0176807 0.000631977 0.963206 0.0028752 0.801534 0.00449886 0.0176447 0.000616881 0.964503 0.00264959 
37.5 0.879151 0.00236969 0.0522973 0.0011831 0.986952 0.00065924 0.766981 0.00571623 0.0146917 0.000616902 0.948171 0.0048625 0.820069 0.00390551 0.0256777 0.000823254 0.967624 0.00212227 0.819372 0.00393436 0.0238053 0.000760943 0.969438 0.00203663 
42.5 0.883026 0.00230897 0.06647 0.0014957 0.985966 0.000674803 0.807322 0.00432807 0.0260508 0.000896892 0.962082 0.00267941 0.841635 0.00333581 0.035544 0.00102643 0.973505 0.00152317 0.830671 0.00362977 0.0292821 0.00089011 0.971389 0.00176615 
47.5 0.878538 0.00251335 0.0793692 0.00191908 0.98072 0.000926783 0.823877 0.00388111 0.0367768 0.00118884 0.96334 0.00235466 0.840049 0.0034712 0.0391759 0.00116627 0.969983 0.00177661 0.812491 0.00428509 0.0273471 0.00094419 0.957763 0.00295028 
52.5 0.855501 0.00334003 0.0787231 0.00233689 0.963588 0.0020901 0.796936 0.00502501 0.0365681 0.00147021 0.922876 0.00643937 0.778794 0.00568206 0.0274644 0.00121885 0.898533 0.00999357 0.716592 0.00845111 0.0144087 0.000902769 0.586174 0.237068 
57.5 0.711781 0.00983449 0.0307884 0.00225679 -0.900303 0.0503954 0.569525 0.0223037 0.00773833 0.00135565 -1.36483 0.0720286 -0.371739 0.090475 -0.000998088 0.000952662 2.2414 0.525336 -0.681963 0.0174685 -0.00763444 0.000644233 1.30301 0.0255292 
62.5 -0.772005 0.0151461 -0.0252893 0.0013859 1.2372 0.017388 -0.88922 0.0117164 -0.0257212 0.000777881 1.10829 0.0101152 -0.976085 0.0104161 -0.0239736 0.000544608 1.02947 0.00819682 -1.05993 0.00980545 -0.0211099 0.000456523 0.955772 0.00801413 
67.5 -1.17562 0.0107956 -0.051274 0.000685241 0.916683 0.00813922 -1.24592 0.0107601 -0.0359506 0.000661655 0.840548 0.0105972 -1.31247 0.0109285 -0.0263319 0.00062457 0.731581 0.0195006 -1.37952 0.011343 -0.0198744 0.000571153 -0.515092 0.108775 
72.5 -1.59775 0.0152986 -0.0374717 0.00110393 -0.785394 0.0138012 -1.68002 0.0162878 -0.0238849 0.000876083 -0.863187 0.00930323 -1.75776 0.0174316 -0.0159869 0.000696839 -0.912972 0.00778913 -1.83826 0.0189278 -0.0111509 0.000558028 -0.949914 0.00722347 
77.5 -2.18227 0.0311697 -0.0150561 0.000910637 -1.01173 0.00749284 -2.3016 0.0346355 -0.00875632 0.000639593 -1.04928 0.00776399 -2.42058 0.0385786 -0.00555124 0.000476641 -1.08166 0.00823919 -2.52899 0.0425286 -0.00386666 0.000374433 -1.1067 0.00885082 
82.5 -3.09249 0.0828521 -0.00362 0.000455256 -1.16733 0.0120401 -3.25461 0.0926523 -0.00190915 0.000284898 -1.20058 0.0138581 -3.41682 0.103927 -0.000971896 0.000175844 -1.23687 0.0158818 -3.59457 0.119592 -0.000569284 0.000120149 -1.26793 0.0183153 
87.5 -6.94793 1.0726 -0.000252568 0.000157363 -1.53715 0.0875349 -6.86066 0.995693 -0.000203878 0.00012681 -1.53445 0.0782009 -7.22707 1.1338 -0.000137631 9.74686e-05 -1.56944 0.0970101 -7.46829 1.24349 -9.84683e-05 7.45703e-05 -1.58694 0.0943048 
92.5 -9.16206 0.197493 -9.34281e-05 9.33385e-05 -1.66857 0.00169579 -9.27401 0.0460133 -6.19329e-05 6.19308e-05 -1.66895 0.00160993 -9.29696 0.0273211 -3.63237e-05 3.63237e-05 -1.66897 0.00161014 -9.2749 0.0450044 -1.91524e-05 1.91518e-05 -1.66895 0.00160994 
97.5 -nan nan 0 0 -nan nan -nan nan 0 0 -nan nan -nan nan 0 0 -nan nan -nan nan 0 0 -nan nan 
