0.005 0.38203 
0.015 2.00407e-05 
0.025 6.68025e-05 
0.035 4.67617e-05 
0.045 0.000106884 
0.055 4.67617e-05 
0.065 0.000120244 
0.075 0.000160326 
0.085 0.000126925 
0.095 0.000180367 
0.105 0.000187047 
0.115 0.000227128 
0.125 0.000247169 
0.135 0.00027389 
0.145 0.000347373 
0.155 0.000287251 
0.165 0.000293931 
0.175 0.000354053 
0.185 0.000354053 
0.195 0.000407495 
0.205 0.000427536 
0.215 0.000414175 
0.225 0.000354053 
0.235 0.000447577 
0.245 0.000427536 
0.255 0.000574501 
0.265 0.000507699 
0.275 0.000507699 
0.285 0.000641304 
0.295 0.0005411 
0.305 0.000487658 
0.315 0.000561141 
0.325 0.000594542 
0.335 0.000594542 
0.345 0.000701426 
0.355 0.000781589 
0.365 0.000627943 
0.375 0.000627943 
0.385 0.00079495 
0.395 0.000627943 
0.405 0.000728147 
0.415 0.000674705 
0.425 0.000761548 
0.435 0.000855072 
0.445 0.000754868 
0.455 0.00079495 
0.465 0.000875113 
0.475 0.000841711 
0.485 0.000848392 
0.495 0.000868432 
0.505 0.000975316 
0.515 0.000928555 
0.525 0.000961956 
0.535 0.000861752 
0.545 0.000915194 
0.555 0.000948595 
0.565 0.000888473 
0.575 0.00105548 
0.585 0.00100204 
0.595 0.000861752 
0.605 0.000961956 
0.615 0.00109556 
0.625 0.0010154 
0.635 0.00107552 
0.645 0.000941915 
0.655 0.00112896 
0.665 0.00124253 
0.675 0.00112896 
0.685 0.00125589 
0.695 0.00102208 
0.705 0.00129597 
0.715 0.00123585 
0.725 0.00116904 
0.735 0.00114232 
0.745 0.00112896 
0.755 0.00124921 
0.765 0.00124921 
0.775 0.00125589 
0.785 0.00121581 
0.795 0.00121581 
0.805 0.00130933 
0.815 0.00124921 
0.825 0.00138949 
0.835 0.00139617 
0.845 0.00142289 
0.855 0.00106216 
0.865 0.00124253 
0.875 0.00144293 
0.885 0.00130933 
0.895 0.00135609 
0.905 0.00130265 
0.915 0.00131601 
0.925 0.00140285 
0.935 0.00141621 
0.945 0.00140953 
0.955 0.00131601 
0.965 0.00146965 
0.975 0.00127593 
0.985 0.00145629 
0.995 0.00139617 
1.005 0.00134273 
1.015 0.00140285 
1.025 0.00134273 
1.035 0.00150974 
1.045 0.00143625 
1.055 0.00152978 
1.065 0.00157654 
1.075 0.00154982 
1.085 0.00141621 
1.095 0.00145629 
1.105 0.00153646 
1.115 0.00130265 
1.125 0.00140953 
1.135 0.00159658 
1.145 0.00177695 
1.155 0.00147634 
1.165 0.00173686 
1.175 0.00157654 
1.185 0.00152978 
1.195 0.00187047 
1.205 0.00166338 
1.215 0.0015231 
1.225 0.00165002 
1.235 0.00161662 
1.245 0.00150974 
1.255 0.0015231 
1.265 0.0015899 
1.275 0.00140285 
1.285 0.0015899 
1.295 0.00146297 
1.305 0.00166338 
1.315 0.00165002 
1.325 0.0016233 
1.335 0.0015899 
1.345 0.00173686 
1.355 0.00165002 
1.365 0.00150974 
1.375 0.00146297 
1.385 0.0016233 
1.395 0.00154314 
1.405 0.00168342 
1.415 0.0015899 
1.425 0.00153646 
1.435 0.00179031 
1.445 0.00182371 
1.455 0.00150974 
1.465 0.00186379 
1.475 0.00167674 
1.485 0.00162998 
1.495 0.00171682 
1.505 0.00170346 
1.515 0.00162998 
1.525 0.0015899 
1.535 0.00169678 
1.545 0.00164334 
1.555 0.0016233 
1.565 0.00170346 
1.575 0.00164334 
1.585 0.00167006 
1.595 0.00158322 
1.605 0.00151642 
1.615 0.00165002 
1.625 0.00154314 
1.635 0.00169678 
1.645 0.00171014 
1.655 0.00171682 
1.665 0.00157654 
1.675 0.00162998 
1.685 0.00177027 
1.695 0.00170346 
1.705 0.00164334 
1.715 0.00173018 
1.725 0.00167674 
1.735 0.00160994 
1.745 0.00157654 
1.755 0.00175023 
1.765 0.00170346 
1.775 0.00174355 
1.785 0.00168342 
1.795 0.0016567 
1.805 0.00173686 
1.815 0.00173018 
1.825 0.00178363 
1.835 0.00171014 
1.845 0.00164334 
1.855 0.00179699 
1.865 0.00159658 
1.875 0.00177695 
1.885 0.0015231 
1.895 0.00174355 
1.905 0.00169678 
1.915 0.00176359 
1.925 0.00167674 
1.935 0.0016567 
1.945 0.0016567 
1.955 0.00154982 
1.965 0.00195063 
1.975 0.00160994 
1.985 0.00156986 
1.995 0.00177695 
2.005 0.00149638 
2.015 0.00150974 
2.025 0.00186379 
2.035 0.00167006 
2.045 0.00162998 
2.055 0.00177695 
2.065 0.0015231 
2.075 0.00151642 
2.085 0.0015565 
2.095 0.00169678 
2.105 0.00161662 
2.115 0.00169678 
2.125 0.00160326 
2.135 0.00140953 
2.145 0.00167006 
2.155 0.00164334 
2.165 0.00164334 
2.175 0.00177027 
2.185 0.00164334 
2.195 0.00171014 
2.205 0.00161662 
2.215 0.00176359 
2.225 0.00173018 
2.235 0.00177027 
2.245 0.0015565 
2.255 0.00162998 
2.265 0.0015565 
2.275 0.00148302 
2.285 0.00159658 
2.295 0.00154314 
2.305 0.00150974 
2.315 0.00165002 
2.325 0.00166338 
2.335 0.00153646 
2.345 0.00151642 
2.355 0.00147634 
2.365 0.00169678 
2.375 0.00158322 
2.385 0.0016567 
2.395 0.0015899 
2.405 0.00150306 
2.415 0.00153646 
2.425 0.00156318 
2.435 0.00152978 
2.445 0.0015899 
2.455 0.00157654 
2.465 0.00162998 
2.475 0.00179031 
2.485 0.00160326 
2.495 0.00134941 
2.505 0.00158322 
2.515 0.00161662 
2.525 0.00151642 
2.535 0.00143625 
2.545 0.00150306 
2.555 0.0016233 
2.565 0.00148302 
2.575 0.0015899 
2.585 0.0014897 
2.595 0.00164334 
2.605 0.00151642 
2.615 0.00142957 
2.625 0.00135609 
2.635 0.00160994 
2.645 0.0014897 
2.655 0.00147634 
2.665 0.00158322 
2.675 0.00147634 
2.685 0.00157654 
2.695 0.00151642 
2.705 0.00143625 
2.715 0.0016233 
2.725 0.00149638 
2.735 0.00164334 
2.745 0.0015565 
2.755 0.0015899 
2.765 0.00138949 
2.775 0.0014897 
2.785 0.00171014 
2.795 0.00164334 
2.805 0.00140953 
2.815 0.00173018 
2.825 0.0015899 
2.835 0.00150306 
2.845 0.0016567 
2.855 0.00169678 
2.865 0.00154982 
2.875 0.0016901 
2.885 0.00171682 
2.895 0.00171014 
2.905 0.00152978 
2.915 0.00135609 
2.925 0.00163666 
2.935 0.0016233 
2.945 0.0016901 
2.955 0.00141621 
2.965 0.00136945 
2.975 0.00134941 
2.985 0.00156318 
2.995 0.0015231 
3.005 0.00167674 
3.015 0.00154982 
3.025 0.00147634 
3.035 0.00143625 
3.045 0.00138949 
3.055 0.00167674 
3.065 0.00154982 
3.075 0.00148302 
3.085 0.0015565 
3.095 0.00142957 
3.105 0.00158322 
3.115 0.00153646 
3.125 0.0015899 
3.135 0.00150306 
3.145 0.00152978 
3.155 0.0016901 
3.165 0.00137613 
3.175 0.00144961 
3.185 0.00162998 
3.195 0.00160994 
3.205 0.00167674 
3.215 0.0016233 
3.225 0.00153646 
3.235 0.00176359 
3.245 0.00158322 
3.255 0.0014897 
3.265 0.00151642 
3.275 0.00149638 
3.285 0.00159658 
3.295 0.00144293 
3.305 0.0017235 
3.315 0.00143625 
3.325 0.00161662 
3.335 0.00153646 
3.345 0.0014897 
3.355 0.00152978 
3.365 0.00150974 
3.375 0.00162998 
3.385 0.0016233 
3.395 0.00161662 
3.405 0.00170346 
3.415 0.00149638 
3.425 0.0015565 
3.435 0.00153646 
3.445 0.0015231 
3.455 0.00167674 
3.465 0.00175691 
3.475 0.00150974 
3.485 0.00142289 
3.495 0.00166338 
3.505 0.00170346 
3.515 0.00156986 
3.525 0.00161662 
3.535 0.00164334 
3.545 0.00170346 
3.555 0.0016233 
3.565 0.00169678 
3.575 0.00142957 
3.585 0.00160326 
3.595 0.0014897 
3.605 0.00165002 
3.615 0.0014897 
3.625 0.00170346 
3.635 0.00160994 
3.645 0.00189719 
3.655 0.00168342 
3.665 0.00181035 
3.675 0.00178363 
3.685 0.00174355 
3.695 0.00183707 
3.705 0.00171014 
3.715 0.00185043 
3.725 0.00178363 
3.735 0.00175023 
3.745 0.0016901 
3.755 0.00166338 
3.765 0.00176359 
3.775 0.00178363 
3.785 0.00148302 
3.795 0.00187715 
3.805 0.00190387 
3.815 0.00176359 
3.825 0.00191055 
3.835 0.00192391 
3.845 0.00192391 
3.855 0.00189051 
3.865 0.00188383 
3.875 0.00173686 
3.885 0.00191723 
3.895 0.00196399 
3.905 0.00196399 
3.915 0.00177695 
3.925 0.00205752 
3.935 0.00217108 
3.945 0.00202412 
3.955 0.00201744 
3.965 0.00210428 
3.975 0.00195063 
3.985 0.00213768 
3.995 0.00217108 
4.005 0.00202412 
4.015 0.002131 
4.025 0.00211096 
4.035 0.00213768 
4.045 0.00194395 
4.055 0.00222452 
4.065 0.00223788 
4.075 0.00201744 
4.085 0.00221116 
4.095 0.00197067 
4.105 0.0020642 
4.115 0.00209092 
4.125 0.00194395 
4.135 0.00205084 
4.145 0.00187715 
4.155 0.00202412 
4.165 0.00186379 
4.175 0.00170346 
4.185 0.00158322 
4.195 0.00149638 
4.205 0.00143625 
4.215 0.00143625 
4.225 0.00110224 
4.235 0.00100204 
4.245 0.000928555 
4.255 0.000681385 
4.265 0.00053442 
4.275 0.000307291 
4.285 0.000173686 
