0.5 0.313489 0.00386055 0.337784 0.00403369 0.379413 0.00433747 0.417681 0.00446036 
1.5 0.317065 0.00410306 0.34893 0.00425616 0.392322 0.00450198 0.427962 0.00469744 
2.5 0.325713 0.00429386 0.357755 0.00437041 0.400316 0.00468516 0.4462 0.00486696 
3.5 0.332909 0.00424852 0.359031 0.00451139 0.409584 0.00463826 0.456578 0.00491742 
4.5 0.345747 0.00428557 0.360398 0.00421641 0.417852 0.00454316 0.442756 0.00480348 
5.5 0.354473 0.00427276 0.371088 0.00455104 0.420087 0.00471705 0.457041 0.00483763 
6.5 0.356805 0.0043112 0.377377 0.00461997 0.425819 0.00477863 0.461424 0.00494055 
7.5 0.368601 0.00470146 0.390867 0.0045715 0.441336 0.0050738 0.47743 0.00508353 
8.5 0.382817 0.00468481 0.394582 0.00469831 0.453941 0.00486385 0.495797 0.00501139 
9.5 0.378212 0.00486891 0.404847 0.00477122 0.450342 0.00510495 0.493258 0.0052641 
10.5 0.398953 0.00464085 0.413085 0.00463429 0.464516 0.00487926 0.505758 0.00514885 
11.5 0.409349 0.004784 0.418863 0.00477463 0.469599 0.00505356 0.512224 0.00506592 
12.5 0.409428 0.00491034 0.428242 0.00492583 0.488524 0.00509555 0.522642 0.00525446 
13.5 0.422434 0.00493612 0.435142 0.0049631 0.488852 0.00507829 0.537883 0.00526234 
14.5 0.434704 0.00501631 0.456087 0.00516636 0.502643 0.00512154 0.536211 0.00532927 
15.5 0.448496 0.0049003 0.461355 0.0051012 0.514246 0.00524988 0.552564 0.0052988 
16.5 0.469195 0.00486978 0.473689 0.00520135 0.525652 0.00515636 0.562805 0.00508437 
17.5 0.471662 0.00504941 0.465783 0.00513713 0.521943 0.0052109 0.563534 0.00518274 
18.5 0.485857 0.00499372 0.487701 0.00520331 0.544761 0.00511095 0.568233 0.00537368 
19.5 0.492189 0.00496383 0.504784 0.00515904 0.547326 0.00528733 0.595359 0.00524354 
20.5 0.501716 0.00516254 0.502287 0.0053262 0.563484 0.00529118 0.595996 0.00534839 
21.5 0.51685 0.00523506 0.513519 0.00538579 0.567627 0.00544574 0.598507 0.0053954 
22.5 0.529155 0.00524581 0.541823 0.00538932 0.587261 0.00528558 0.621526 0.00519538 
23.5 0.539543 0.00535608 0.53448 0.0053584 0.583518 0.00544423 0.61508 0.00527672 
24.5 0.546172 0.00533852 0.544899 0.00554065 0.603524 0.00541395 0.631678 0.0052936 
25.5 0.558004 0.00533543 0.565635 0.00554134 0.614955 0.00540551 0.643834 0.00523943 
26.5 0.563981 0.00525657 0.56903 0.00566684 0.614141 0.00540128 0.642514 0.00538422 
27.5 0.583465 0.00533052 0.57572 0.00567375 0.62466 0.00549364 0.662555 0.00530141 
28.5 0.584269 0.00531797 0.59147 0.00552807 0.625583 0.00531315 0.665251 0.00511246 
29.5 0.598184 0.00538203 0.605806 0.00546752 0.645974 0.00527716 0.672311 0.00516866 
30.5 0.606797 0.00552927 0.612585 0.00562582 0.658526 0.00524701 0.677335 0.00519106 
31.5 0.61078 0.00559391 0.628838 0.00552934 0.666152 0.00530893 0.692592 0.0050321 
32.5 0.629025 0.00550987 0.631521 0.0054839 0.670565 0.00542074 0.698526 0.00508133 
33.5 0.641328 0.00543317 0.6377 0.00541843 0.678094 0.00509531 0.695256 0.00506712 
34.5 0.668071 0.00554631 0.65935 0.00557678 0.692993 0.00526627 0.708807 0.00504719 
35.5 0.666792 0.00547201 0.673463 0.00552624 0.705397 0.00514992 0.714882 0.00507877 
36.5 0.670902 0.00558914 0.671546 0.00546476 0.702199 0.00519036 0.719889 0.00488812 
37.5 0.682212 0.0055263 0.686925 0.00537806 0.704996 0.00528498 0.719514 0.00502692 
38.5 0.690061 0.00551179 0.691013 0.00541984 0.719383 0.0050894 0.727462 0.00495525 
39.5 0.696755 0.00554345 0.709752 0.00537049 0.723599 0.00517576 0.739916 0.00479046 
40.5 0.708198 0.00554704 0.701679 0.00548408 0.724791 0.00515454 0.726195 0.0049921 
41.5 0.724265 0.00539294 0.712626 0.00553131 0.737739 0.00514506 0.740676 0.00495235 
42.5 0.724436 0.0054496 0.716613 0.00550356 0.732193 0.00521394 0.739006 0.00503763 
43.5 0.735559 0.00549463 0.722477 0.00561654 0.73759 0.00523562 0.735043 0.0051504 
44.5 0.742541 0.00556482 0.731222 0.0055383 0.740097 0.00524156 0.733989 0.00519599 
45.5 0.745534 0.00553705 0.734443 0.00552215 0.738632 0.00528941 0.735228 0.00519083 
46.5 0.744242 0.00570802 0.734751 0.0056458 0.744661 0.00536868 0.742695 0.00522382 
47.5 0.73835 0.00574867 0.728803 0.00566251 0.738009 0.00540114 0.733303 0.00536868 
48.5 0.758215 0.00581013 0.745178 0.00565851 0.744745 0.00553419 0.733482 0.00543907 
49.5 0.754911 0.00588041 0.742623 0.00573597 0.746523 0.00550953 0.7326 0.0054527 
50.5 0.746895 0.00619221 0.732401 0.00608218 0.732899 0.005899 0.71843 0.00587351 
51.5 0.766162 0.00587363 0.745376 0.0058727 0.741673 0.00567743 0.719907 0.00569266 
52.5 0.748701 0.00622006 0.727509 0.00616828 0.721771 0.00606341 0.706672 0.00603524 
53.5 0.74852 0.00631543 0.719299 0.00633278 0.713863 0.00620826 0.695095 0.00618445 
54.5 0.741536 0.00656902 0.723663 0.0064403 0.705735 0.00638683 0.689502 0.00627864 
55.5 0.74316 0.00660102 0.715638 0.00660913 0.703076 0.00644049 0.674768 0.00656712 
56.5 0.728154 0.00696496 0.70547 0.00693325 0.689957 0.0068087 0.666071 0.00676787 
57.5 0.729756 0.00702604 0.694574 0.00705771 0.677921 0.00696161 0.648041 0.0069415 
58.5 0.716257 0.00726648 0.688349 0.00719615 0.667189 0.00709364 0.639815 0.00706193 
59.5 0.701059 0.00762043 0.678232 0.00749533 0.655888 0.0074198 0.630815 0.00734338 
60.5 0.687157 0.00774475 0.655246 0.00764551 0.637177 0.00751609 0.607221 0.00747795 
61.5 0.683218 0.00783251 0.65016 0.00777522 0.626556 0.00766687 0.598064 0.00759458 
62.5 0.658637 0.00821308 0.619361 0.00808646 0.599367 0.00798528 0.567428 0.00792986 
63.5 0.642534 0.00843688 0.610869 0.00830603 0.584762 0.00827038 0.558665 0.00819875 
64.5 0.641286 0.00848641 0.612693 0.00831036 0.584226 0.00819118 0.553908 0.00810311 
65.5 0.620238 0.00876294 0.586487 0.0086477 0.558298 0.00846988 0.530001 0.00833762 
66.5 0.624381 0.00870163 0.586526 0.00855964 0.558989 0.00841708 0.526602 0.0082588 
67.5 0.601311 0.00901783 0.564124 0.00882982 0.53519 0.00862943 0.502926 0.0085172 
68.5 0.568439 0.00930025 0.536546 0.00906296 0.507508 0.00891444 0.481373 0.00875518 
69.5 0.564859 0.00945516 0.530252 0.00920579 0.503312 0.00901805 0.471124 0.00882878 
70.5 0.535814 0.00967102 0.505274 0.00942067 0.473765 0.00923732 0.447266 0.00903987 
71.5 0.512198 0.00981512 0.476847 0.00951263 0.445734 0.00928447 0.418134 0.00908372 
72.5 0.510342 0.00994237 0.472888 0.00966258 0.445904 0.00940898 0.418027 0.00917223 
73.5 0.478568 0.01024 0.445962 0.00988625 0.417427 0.00964021 0.389213 0.00938427 
74.5 0.45299 0.0102476 0.419181 0.0099308 0.387708 0.00967259 0.359493 0.00942615 
75.5 0.458805 0.0103625 0.42891 0.0101039 0.403841 0.00983665 0.376345 0.00958883 
76.5 0.431854 0.0104694 0.401492 0.0100646 0.372922 0.00974692 0.346114 0.00946218 
77.5 0.396833 0.0106596 0.363716 0.0102966 0.336758 0.0100303 0.312422 0.00977089 
78.5 0.376566 0.0107068 0.34668 0.0102906 0.317177 0.00992691 0.291042 0.00956165 
79.5 0.366584 0.010972 0.338187 0.0105779 0.317988 0.010237 0.295615 0.00989234 
80.5 0.344349 0.0110159 0.317554 0.0105826 0.291244 0.0102556 0.269243 0.00990991 
81.5 0.31068 0.011137 0.287937 0.0107476 0.265824 0.0103515 0.246043 0.0100306 
82.5 0.302945 0.0110052 0.275872 0.0105085 0.251889 0.010145 0.230714 0.00979163 
83.5 0.279006 0.011067 0.253582 0.0105752 0.230336 0.0102546 0.212401 0.0099559 
84.5 0.229343 0.0110018 0.205726 0.0103623 0.183896 0.009809 0.165402 0.00941525 
85.5 0.199199 0.0112895 0.177902 0.0106529 0.161197 0.0101763 0.144105 0.00967806 
86.5 0.211473 0.0113824 0.189462 0.0107627 0.171639 0.0102495 0.153765 0.00971771 
87.5 0.184898 0.0112385 0.163945 0.0104431 0.144328 0.00966763 0.127972 0.00896726 
88.5 0.164156 0.0113932 0.147469 0.010752 0.133378 0.0102435 0.121442 0.00986398 
89.5 0.142798 0.0113941 0.126469 0.0109154 0.112818 0.0105282 0.101489 0.0101649 
90.5 0.137954 0.0110935 0.120187 0.0104713 0.105593 0.0099498 0.0936684 0.0094491 
91.5 0.0682973 0.0111209 0.0578644 0.0107237 0.0524748 0.0101225 0.0473427 0.00987866 
92.5 0.0401772 0.0104655 0.0302492 0.00967977 0.0224626 0.00946594 0.0198382 0.00732605 
93.5 0.0529726 0.0121784 0.0472615 0.0119396 0.0425619 0.0115021 0.0382827 0.0111481 
94.5 0.0343419 0.0105986 0.0252445 0.00806821 0.0174992 0.00590725 0.0117124 0.00438088 
95.5 0.0219994 0.0219939 0.0185675 0.0185628 0.0150913 0.0150875 0.0119338 0.0119308 
96.5 0.0220888 0.0220833 0.0186857 0.018681 0.0152089 0.0152051 0.012035 0.0120319 
97.5 0 0 0 0 0 0 0 0 
98.5 0 0 0 0 0 0 0 0 
99.5 0 0 0 0 0 0 0 0 
