0.5 0.18022 0.00264031 0.178908 0.00251731 0.207109 0.00292485 0.232426 0.00303698 
1.5 0.181479 0.00274021 0.179343 0.00242296 0.206691 0.00280595 0.237613 0.00323754 
2.5 0.185835 0.00293764 0.181535 0.00259758 0.208844 0.00298595 0.236678 0.00328035 
3.5 0.193131 0.00286949 0.185017 0.00249313 0.215025 0.00306131 0.239461 0.00327195 
4.5 0.199711 0.00295567 0.189858 0.00263648 0.222008 0.00303464 0.24944 0.00330349 
5.5 0.203614 0.00308551 0.182991 0.00269155 0.225549 0.00325624 0.242524 0.00332438 
6.5 0.205443 0.00320838 0.189989 0.00281342 0.22011 0.00327088 0.255316 0.00363148 
7.5 0.218773 0.00318169 0.200034 0.00280762 0.233049 0.00315895 0.254974 0.00348546 
8.5 0.219812 0.00317528 0.201495 0.00296904 0.231919 0.00316308 0.257167 0.00348612 
9.5 0.23469 0.00340934 0.207797 0.00298042 0.238499 0.00338309 0.269652 0.00382772 
10.5 0.244326 0.0033244 0.21491 0.00301028 0.254078 0.00360849 0.271371 0.00399148 
11.5 0.244163 0.00333391 0.212901 0.00306852 0.254483 0.00360759 0.283158 0.00385302 
12.5 0.253665 0.00342011 0.223792 0.00315699 0.256713 0.00359615 0.281924 0.00381841 
13.5 0.267838 0.00348195 0.225493 0.00321162 0.259718 0.00345752 0.288012 0.00397375 
14.5 0.274215 0.00333259 0.232111 0.00326255 0.275501 0.00370442 0.29999 0.0040174 
15.5 0.277446 0.00347595 0.234499 0.0033058 0.277804 0.00382371 0.296049 0.00403229 
16.5 0.288494 0.00348751 0.241913 0.0033684 0.286467 0.0037576 0.307508 0.00408577 
17.5 0.29819 0.00359361 0.249079 0.00354577 0.284253 0.00380569 0.317698 0.00404792 
18.5 0.309114 0.00359238 0.257003 0.00359989 0.298106 0.0039206 0.32719 0.00412858 
19.5 0.319473 0.00386844 0.257022 0.00347159 0.305769 0.00395886 0.322481 0.00416395 
20.5 0.323655 0.0036989 0.264678 0.00364746 0.308461 0.00405253 0.332516 0.00424892 
21.5 0.327172 0.00376439 0.274561 0.00375134 0.314517 0.00412351 0.341459 0.00438223 
22.5 0.34833 0.00389392 0.267583 0.00362193 0.326023 0.0041649 0.341352 0.00429346 
23.5 0.350648 0.00379742 0.281984 0.00374549 0.324099 0.00400668 0.350891 0.0043089 
24.5 0.353809 0.00374281 0.284349 0.00383154 0.335001 0.00414257 0.356771 0.00437882 
25.5 0.359675 0.00391212 0.291893 0.00386731 0.343402 0.0041762 0.365724 0.00444939 
26.5 0.370264 0.00394651 0.301401 0.00403227 0.349357 0.00438213 0.378333 0.00456408 
27.5 0.383374 0.00387418 0.30356 0.00401575 0.359106 0.00441279 0.378848 0.00456823 
28.5 0.379999 0.00402115 0.313156 0.0039783 0.363137 0.00442379 0.385225 0.00451204 
29.5 0.393381 0.004116 0.312409 0.00401816 0.370647 0.00450188 0.385321 0.00474259 
30.5 0.394887 0.00411466 0.321261 0.00416344 0.376113 0.00456217 0.392167 0.00480017 
31.5 0.398835 0.00424289 0.330498 0.00410471 0.382724 0.0044866 0.403465 0.00478549 
32.5 0.415267 0.00426943 0.332416 0.00447131 0.390653 0.00470318 0.399307 0.00490998 
33.5 0.415143 0.00423768 0.347636 0.00440179 0.394551 0.00461763 0.413702 0.00490175 
34.5 0.41968 0.00433735 0.350875 0.00444873 0.401637 0.00469941 0.423015 0.00490169 
35.5 0.429218 0.00440675 0.352286 0.00431163 0.405178 0.00466118 0.421062 0.00478559 
36.5 0.43845 0.0042537 0.36271 0.00436248 0.415615 0.00467376 0.435947 0.0047247 
37.5 0.451712 0.00442893 0.375471 0.00455169 0.430762 0.0047806 0.446131 0.00492172 
38.5 0.444955 0.0044422 0.381978 0.00446003 0.43277 0.00474024 0.44959 0.00480602 
39.5 0.451279 0.00435768 0.397321 0.00457029 0.435098 0.00469469 0.461304 0.00479368 
40.5 0.459205 0.00441655 0.394061 0.00453486 0.446591 0.00472918 0.453272 0.00493472 
41.5 0.471931 0.00460619 0.397454 0.00463788 0.453243 0.00471735 0.456298 0.00491135 
42.5 0.467506 0.00448817 0.405103 0.00458836 0.453635 0.00476144 0.463414 0.00492625 
43.5 0.48289 0.00460212 0.420271 0.00469044 0.464413 0.00489637 0.477557 0.00503483 
44.5 0.487883 0.00459131 0.421763 0.00486938 0.468592 0.00487423 0.475322 0.00495605 
45.5 0.488211 0.0047422 0.430213 0.0050929 0.47949 0.00499403 0.479704 0.00514844 
46.5 0.494471 0.00471006 0.442477 0.00491138 0.483236 0.00498463 0.492296 0.00509421 
47.5 0.506243 0.00484946 0.447528 0.00485222 0.497077 0.0050149 0.498434 0.00497503 
48.5 0.519491 0.00496811 0.454623 0.00498519 0.50279 0.00509957 0.50213 0.00501573 
49.5 0.526814 0.00481711 0.460625 0.00502364 0.505593 0.00506684 0.501992 0.00509019 
50.5 0.526094 0.00474605 0.472649 0.00494067 0.505972 0.00494656 0.512739 0.00494701 
51.5 0.530139 0.00498832 0.474323 0.00496114 0.513011 0.00498178 0.506818 0.00497662 
52.5 0.538761 0.00491951 0.487865 0.00508052 0.522744 0.00515858 0.514933 0.00522581 
53.5 0.537228 0.00497231 0.485106 0.00504177 0.515881 0.00504758 0.518034 0.0050818 
54.5 0.548243 0.00512512 0.495045 0.00508271 0.525032 0.00509032 0.519348 0.00518141 
55.5 0.561635 0.00496562 0.501007 0.00514391 0.522964 0.00506604 0.513479 0.00518369 
56.5 0.563665 0.00497661 0.517565 0.00509899 0.537237 0.00515853 0.531209 0.00504998 
57.5 0.576109 0.00510043 0.517649 0.00513258 0.538615 0.00517451 0.519526 0.00516384 
58.5 0.5866 0.00508276 0.532693 0.00505605 0.54812 0.00514283 0.53205 0.00519277 
59.5 0.591911 0.00497236 0.541437 0.00508436 0.545358 0.00518095 0.532837 0.00525437 
60.5 0.594925 0.00515711 0.539518 0.00524453 0.543353 0.00522908 0.525876 0.00534068 
61.5 0.604926 0.00505621 0.545837 0.00526243 0.552989 0.00521501 0.531114 0.00526185 
62.5 0.616713 0.00505375 0.549439 0.00515084 0.548108 0.00531675 0.52628 0.00541201 
63.5 0.615775 0.00511802 0.556612 0.00535214 0.558716 0.00536979 0.535535 0.00556755 
64.5 0.615633 0.00528395 0.556926 0.00517541 0.550951 0.00527321 0.523995 0.00528152 
65.5 0.626697 0.00519046 0.564497 0.00525471 0.553044 0.00540808 0.525522 0.00543874 
66.5 0.632326 0.00524907 0.559589 0.00540214 0.553538 0.00536997 0.522147 0.00564774 
67.5 0.634459 0.00527595 0.566455 0.00540231 0.545626 0.00557981 0.514964 0.00572705 
68.5 0.640359 0.00518086 0.5695 0.0054398 0.550807 0.00553966 0.512824 0.00567871 
69.5 0.638042 0.0052522 0.56011 0.00553985 0.545737 0.00563715 0.507027 0.00572678 
70.5 0.643053 0.00547268 0.572909 0.00553635 0.548168 0.005584 0.509161 0.0057163 
71.5 0.64325 0.00555916 0.571613 0.00577951 0.540946 0.00598452 0.502679 0.00609728 
72.5 0.642104 0.00560899 0.571019 0.00581594 0.533925 0.00595001 0.489129 0.0061016 
73.5 0.644105 0.00568629 0.568781 0.00595713 0.529505 0.00613782 0.487407 0.00621105 
74.5 0.635132 0.00592644 0.555274 0.00596473 0.519724 0.00611029 0.473916 0.00619524 
75.5 0.629536 0.00599881 0.553623 0.0061939 0.512152 0.00631564 0.465623 0.00643652 
76.5 0.636488 0.0059965 0.554358 0.00619673 0.513789 0.0062481 0.46416 0.0062651 
77.5 0.621169 0.00618288 0.538859 0.00635786 0.490354 0.00654105 0.444718 0.00648722 
78.5 0.608817 0.00658733 0.521448 0.00667088 0.467525 0.00680743 0.422254 0.00685072 
79.5 0.602183 0.00681449 0.519861 0.00678632 0.465494 0.00693272 0.417696 0.00688564 
80.5 0.588037 0.00694854 0.504017 0.00692547 0.453334 0.00696671 0.404597 0.00692274 
81.5 0.558337 0.00734508 0.469184 0.00722732 0.415473 0.00730398 0.367618 0.00723682 
82.5 0.550858 0.0075222 0.461742 0.00748169 0.413931 0.00748535 0.365242 0.00738262 
83.5 0.519246 0.00788731 0.438069 0.00764574 0.3838 0.00764556 0.334339 0.00745906 
84.5 0.49119 0.00806883 0.409365 0.00775286 0.354904 0.00760552 0.312334 0.0073616 
85.5 0.470596 0.00828063 0.391242 0.00798071 0.334824 0.00780325 0.291373 0.00757957 
86.5 0.443522 0.00853836 0.364272 0.00814064 0.309334 0.00788269 0.268863 0.00762367 
87.5 0.388822 0.00892517 0.321892 0.00854848 0.275577 0.00830918 0.243427 0.00808064 
88.5 0.352653 0.00908927 0.287033 0.00855958 0.244916 0.00831811 0.209281 0.00803371 
89.5 0.315071 0.00932621 0.258895 0.00880306 0.217684 0.00851126 0.186642 0.00821687 
90.5 0.260179 0.00940666 0.213667 0.00879205 0.178496 0.00838944 0.154063 0.00812097 
91.5 0.204252 0.00951969 0.161453 0.008772 0.13485 0.00823822 0.113883 0.00766415 
92.5 0.170002 0.0101645 0.142098 0.00953702 0.120673 0.00909745 0.106996 0.00877191 
93.5 0.124578 0.00996056 0.0988402 0.00899346 0.0806732 0.00835128 0.0666434 0.00778774 
94.5 0.0345465 0.00857231 0.0235158 0.00732464 0.0239544 0.00779127 0.0233793 0.00905149 
95.5 0.0389163 0.00939547 0.0286925 0.00870431 0.0220148 0.00851081 0.0213152 0.0079403 
96.5 0.00418065 0.00417961 0.00199765 0.00199715 0.000889533 0.00088931 0.00119537 0.00119507 
97.5 0 0 0 0 0 0 0 0 
98.5 0 0 0 0 0 0 0 0 
99.5 0 0 0 0 0 0 0 0 
