0.5 0.165509 0.0018966 0.134821 0.00133439 0.153634 0.00164431 0.170833 0.00170922 
1.5 0.170258 0.00196148 0.135779 0.00133965 0.160194 0.00163316 0.170057 0.00180197 
2.5 0.172578 0.0019265 0.135315 0.00146125 0.15829 0.00175997 0.173532 0.00177693 
3.5 0.1804 0.002022 0.143112 0.00154329 0.167314 0.00182905 0.180174 0.00188237 
4.5 0.188467 0.00199837 0.144325 0.00146829 0.168569 0.00175905 0.187914 0.0018864 
5.5 0.192425 0.00212688 0.143546 0.00155912 0.170254 0.00186549 0.182847 0.0019033 
6.5 0.203699 0.00223272 0.144735 0.00159816 0.176702 0.00186676 0.187084 0.0020547 
7.5 0.209057 0.00231791 0.149292 0.00155259 0.177829 0.00192555 0.190379 0.00201667 
8.5 0.218902 0.00226713 0.154182 0.00168188 0.187741 0.00205863 0.20066 0.00220652 
9.5 0.22658 0.00232279 0.156448 0.0016444 0.194288 0.00215156 0.204925 0.00214538 
10.5 0.24074 0.00226009 0.161798 0.00161553 0.193359 0.00214886 0.210927 0.00224592 
11.5 0.241587 0.00228575 0.164104 0.00171358 0.204909 0.00215989 0.216283 0.00224052 
12.5 0.249603 0.00229047 0.167748 0.00172465 0.210148 0.00232877 0.220087 0.00227008 
13.5 0.269417 0.00240561 0.173679 0.00179846 0.21846 0.00232451 0.231148 0.00243387 
14.5 0.274251 0.00239074 0.180839 0.00189798 0.220404 0.00223077 0.240785 0.00249284 
15.5 0.282057 0.00235866 0.1851 0.00192291 0.229114 0.00236807 0.240501 0.0023275 
16.5 0.298823 0.00246063 0.190275 0.0019525 0.236974 0.00244249 0.242814 0.00246421 
17.5 0.302947 0.0024903 0.185634 0.00197802 0.237752 0.00241354 0.252068 0.00247464 
18.5 0.318521 0.00238241 0.192581 0.0019098 0.254064 0.00246335 0.263993 0.00259588 
19.5 0.326033 0.00245654 0.197909 0.00194027 0.260893 0.00254875 0.266531 0.00264797 
20.5 0.333324 0.00255054 0.200422 0.00200491 0.269968 0.00265117 0.275028 0.00268223 
21.5 0.337612 0.00245428 0.204504 0.00208366 0.269275 0.00260596 0.276419 0.00270398 
22.5 0.358729 0.00264509 0.216586 0.00219276 0.290124 0.00263296 0.295464 0.00278218 
23.5 0.363295 0.00258148 0.217009 0.00222373 0.289422 0.00267586 0.292272 0.00272076 
24.5 0.366084 0.0025594 0.224469 0.002275 0.298085 0.00281171 0.291899 0.00269738 
25.5 0.37756 0.00267872 0.229027 0.00218752 0.307526 0.00284282 0.309417 0.0029179 
26.5 0.38213 0.00262567 0.232967 0.00230072 0.314827 0.00271277 0.317595 0.00299741 
27.5 0.39287 0.002598 0.239273 0.00232408 0.316999 0.00288048 0.325593 0.0030768 
28.5 0.400713 0.00268373 0.24061 0.00232629 0.328681 0.00280487 0.322959 0.00301719 
29.5 0.415744 0.00276853 0.246916 0.00245187 0.345862 0.00297428 0.334326 0.00306429 
30.5 0.416439 0.00265526 0.252932 0.00243048 0.34634 0.00292637 0.34091 0.00310442 
31.5 0.418787 0.00287132 0.25797 0.00249842 0.348212 0.00305521 0.350455 0.00312498 
32.5 0.435923 0.0028046 0.266199 0.00261155 0.36386 0.00308482 0.352157 0.00320728 
33.5 0.436775 0.00281592 0.26858 0.00261246 0.365291 0.00307089 0.356978 0.00319327 
34.5 0.436529 0.00290934 0.275012 0.00263486 0.365965 0.0030937 0.370048 0.00318674 
35.5 0.452938 0.00288046 0.282326 0.00266601 0.381365 0.00313652 0.376633 0.00318838 
36.5 0.463596 0.00284457 0.286215 0.00271798 0.38993 0.00310232 0.382664 0.003294 
37.5 0.466192 0.0030222 0.30063 0.00291924 0.397433 0.00321848 0.39656 0.00339568 
38.5 0.469726 0.00298665 0.302252 0.00272931 0.404478 0.00314772 0.39974 0.0032908 
39.5 0.480258 0.003039 0.307565 0.00284182 0.415504 0.00312351 0.402152 0.00333314 
40.5 0.484646 0.00298658 0.310174 0.00292038 0.415792 0.00324398 0.411411 0.00340742 
41.5 0.500885 0.00299409 0.323819 0.00298327 0.435476 0.00330223 0.428519 0.00344452 
42.5 0.492556 0.00301568 0.324369 0.00296269 0.42391 0.00321686 0.412972 0.00347964 
43.5 0.510158 0.00306991 0.331953 0.00298677 0.446163 0.00334967 0.43442 0.0035236 
44.5 0.514108 0.0030992 0.34024 0.00297251 0.453385 0.00341256 0.445216 0.00349821 
45.5 0.511251 0.0031379 0.350817 0.00315899 0.454647 0.00338984 0.450945 0.00349468 
46.5 0.524323 0.00306053 0.352249 0.00315231 0.464852 0.00342549 0.457095 0.00354 
47.5 0.528672 0.00327506 0.353683 0.00310351 0.474553 0.00344962 0.452614 0.00353656 
48.5 0.538581 0.00330767 0.365519 0.00322411 0.477535 0.00348702 0.467347 0.00362667 
49.5 0.55428 0.00321325 0.368943 0.00315749 0.490652 0.00347628 0.478699 0.00351502 
50.5 0.554535 0.00324385 0.379554 0.00326748 0.496004 0.00349027 0.486486 0.00357065 
51.5 0.55779 0.00333949 0.384793 0.00330773 0.504392 0.00345681 0.488541 0.00351919 
52.5 0.559853 0.00325863 0.394498 0.00334398 0.505143 0.00354882 0.493307 0.00368769 
53.5 0.563132 0.00329896 0.396037 0.00334803 0.504145 0.00355078 0.496602 0.00371531 
54.5 0.570218 0.00340811 0.398122 0.00329082 0.524708 0.00350673 0.504211 0.00365447 
55.5 0.580492 0.00333575 0.414129 0.00326295 0.517397 0.00356044 0.511762 0.00365948 
56.5 0.576072 0.00341994 0.422556 0.00344411 0.52454 0.00359127 0.520275 0.00380983 
57.5 0.588876 0.00349144 0.421527 0.00353148 0.534771 0.00368051 0.519675 0.00377521 
58.5 0.595495 0.00351526 0.438849 0.00359729 0.547589 0.00367225 0.538965 0.00384637 
59.5 0.605175 0.00349193 0.428975 0.00349332 0.548493 0.00369391 0.537771 0.00379553 
60.5 0.603096 0.00352059 0.443246 0.00361734 0.546901 0.00371373 0.531232 0.00391147 
61.5 0.613856 0.00348372 0.448733 0.00363203 0.569949 0.00367533 0.552291 0.00383972 
62.5 0.614253 0.0036597 0.441848 0.00375482 0.567411 0.00381424 0.541276 0.00402833 
63.5 0.617845 0.00355712 0.447695 0.00376272 0.560698 0.00386582 0.541442 0.00391857 
64.5 0.624201 0.00358804 0.460383 0.00373034 0.575868 0.00376512 0.553349 0.00390833 
65.5 0.629771 0.00363474 0.458763 0.003698 0.581363 0.00385888 0.562471 0.00390701 
66.5 0.633275 0.00359734 0.463839 0.00377421 0.583463 0.00375833 0.559569 0.00392422 
67.5 0.639627 0.00367486 0.473076 0.00383643 0.591901 0.0039087 0.567669 0.00405585 
68.5 0.636907 0.00369588 0.478609 0.00385876 0.595991 0.00386214 0.569399 0.00402481 
69.5 0.647961 0.0037341 0.472362 0.0037872 0.603318 0.003888 0.564291 0.00399275 
70.5 0.65029 0.00369527 0.485447 0.00400104 0.608097 0.00393563 0.573348 0.00419803 
71.5 0.648646 0.00377914 0.492725 0.00408125 0.613128 0.00402469 0.583557 0.00417437 
72.5 0.650391 0.00389496 0.483337 0.00401698 0.613195 0.00403675 0.576564 0.00417154 
73.5 0.655805 0.0038336 0.484517 0.00414597 0.606809 0.00404724 0.574026 0.00421285 
74.5 0.656911 0.0039081 0.48778 0.00399623 0.615053 0.00411513 0.580521 0.00421106 
75.5 0.650174 0.00401521 0.485047 0.0042022 0.611773 0.00422407 0.57273 0.00436787 
76.5 0.660515 0.00398104 0.49091 0.00426147 0.624308 0.0041982 0.582501 0.00439677 
77.5 0.652348 0.00407348 0.494237 0.00432551 0.616447 0.00430986 0.575898 0.00450092 
78.5 0.649474 0.00418408 0.489409 0.00440838 0.608662 0.00444977 0.56618 0.00467825 
79.5 0.654007 0.0041575 0.494057 0.00441175 0.61538 0.00442273 0.57144 0.00460764 
80.5 0.657108 0.00421968 0.500245 0.00448181 0.625698 0.00439246 0.579635 0.00463469 
81.5 0.658503 0.00425736 0.499293 0.00460343 0.624197 0.00455984 0.576312 0.00477497 
82.5 0.654113 0.00441231 0.490283 0.00462163 0.617105 0.00456504 0.563304 0.00485019 
83.5 0.637096 0.0044518 0.484883 0.00465464 0.607741 0.00464784 0.555124 0.0048472 
84.5 0.639221 0.00457659 0.468984 0.00484689 0.60395 0.00481206 0.539664 0.00509446 
85.5 0.641573 0.00462479 0.476879 0.00485661 0.603575 0.00491752 0.545271 0.00510229 
86.5 0.629125 0.0047732 0.459771 0.0048832 0.586215 0.00502369 0.52363 0.00524442 
87.5 0.627805 0.00486083 0.472948 0.00501301 0.595818 0.00506204 0.537199 0.00526503 
88.5 0.608204 0.00499662 0.452645 0.00516797 0.571959 0.00529089 0.512374 0.00543324 
89.5 0.595104 0.00524443 0.437644 0.00527107 0.553191 0.00547503 0.491796 0.00559979 
90.5 0.585071 0.00537837 0.426766 0.00526258 0.546516 0.00557416 0.480674 0.00566625 
91.5 0.5695 0.00553753 0.405705 0.00542857 0.519463 0.00577118 0.452034 0.0058295 
92.5 0.555178 0.00568109 0.40033 0.00560157 0.512537 0.00594021 0.447852 0.00605018 
93.5 0.530185 0.00584467 0.370791 0.00563485 0.481165 0.00601442 0.412797 0.00602704 
94.5 0.495648 0.00611628 0.341187 0.0057398 0.448856 0.00623095 0.381525 0.00617945 
95.5 0.48167 0.00630637 0.327132 0.00579024 0.433541 0.00639683 0.364402 0.0062907 
96.5 0.442105 0.00659564 0.30763 0.00609597 0.4007 0.00670973 0.339961 0.00655577 
97.5 0.426006 0.00666213 0.296002 0.00623414 0.381541 0.00677373 0.327011 0.00670479 
98.5 0.298334 0.00711165 0.201234 0.00635135 0.262151 0.00713431 0.218785 0.00692684 
99.5 0.219243 0.00728504 0.134256 0.00578775 0.185669 0.00725249 0.150722 0.00667487 
