0.5 -0.000429751 6.31051e-05 1.10443e-06 2.06331e-06 -5.73317e-05 1.32534e-05 -7.8919e-07 1.43569e-07 -0.000207341 2.736e-05 -2.24157e-06 4.36949e-07 -0.000169673 3.36946e-05 -3.50833e-06 5.96195e-07 
1.5 -0.000495594 5.09829e-05 -5.11478e-06 1.41183e-06 -5.64864e-05 1.31471e-05 -9.37184e-07 1.52815e-07 -0.000161329 3.8696e-05 9.50647e-08 8.45784e-07 -0.000288508 4.94753e-05 -2.50167e-06 1.64871e-06 
2.5 -0.000437066 4.51763e-05 -6.85763e-06 1.09684e-06 -0.000133026 2.57051e-05 9.52368e-08 7.40761e-07 -0.00030175 4.69211e-05 8.97669e-07 1.07346e-06 -0.00023212 5.38699e-05 -5.42976e-07 1.48564e-06 
3.5 -0.00053466 6.27914e-05 -6.36289e-06 1.80762e-06 -0.00016475 4.0567e-05 1.75234e-06 1.82567e-06 -0.000338001 6.92906e-05 2.4419e-06 3.67104e-06 -0.000324019 5.7957e-05 -2.31074e-06 1.45016e-06 
4.5 -0.000437576 5.4401e-05 -1.00738e-05 1.26313e-06 -0.000104051 2.22628e-05 -5.48984e-07 3.089e-07 -0.000245822 3.61434e-05 -3.82897e-06 7.09386e-07 -0.000258333 6.93538e-05 -2.30723e-06 2.4064e-06 
5.5 -0.000635347 7.31704e-05 -1.00336e-05 1.85455e-06 -0.000175384 2.63278e-05 -7.99811e-07 5.80035e-07 -0.000368046 5.74433e-05 -1.21589e-06 1.77335e-06 -0.000333049 5.68066e-05 -5.29339e-06 1.34883e-06 
6.5 -0.00075604 8.91199e-05 -1.42274e-05 2.61111e-06 -0.000201981 3.57068e-05 1.00047e-06 9.01048e-07 -0.000328485 4.81777e-05 -4.68117e-06 9.59716e-07 -0.000544732 0.000101783 4.53758e-06 4.78189e-06 
7.5 -0.000902646 0.000103428 -1.87997e-05 3.3619e-06 -0.000146809 2.66464e-05 -1.01613e-06 3.82009e-07 -0.000404444 5.69194e-05 -3.85845e-06 1.2918e-06 -0.000452032 7.50851e-05 -3.98551e-06 2.23215e-06 
8.5 -0.000654251 0.000104186 -1.76686e-05 3.29451e-06 -0.000240333 3.65083e-05 -6.59188e-07 6.64372e-07 -0.000546783 8.9609e-05 9.20282e-07 2.95293e-06 -0.000726917 9.55399e-05 -6.67068e-06 2.94677e-06 
9.5 -0.000682613 0.000102373 -2.79172e-05 3.51176e-06 -0.000193683 4.28603e-05 1.908e-07 1.62559e-06 -0.000668192 8.21296e-05 -6.96922e-06 2.38495e-06 -0.000551778 9.16534e-05 -7.0175e-06 2.49092e-06 
10.5 -0.000187776 0.00013813 -1.91852e-05 6.77864e-06 -0.00013318 2.58374e-05 -2.6415e-06 4.25309e-07 -0.000670046 9.38214e-05 -4.6587e-06 3.71988e-06 -0.000708835 0.000104398 -1.17593e-05 3.15743e-06 
11.5 -0.000246803 0.000130067 -2.18048e-05 6.77969e-06 -0.000222055 3.10257e-05 -3.88595e-06 5.40402e-07 -0.000583451 8.42195e-05 -1.26363e-05 2.54754e-06 -0.000624835 9.39596e-05 -1.97099e-05 2.71298e-06 
12.5 -3.44779e-05 0.000112825 -3.18423e-05 4.88076e-06 -0.000210826 3.61788e-05 -3.55362e-06 7.25334e-07 -0.000918438 0.000118805 -1.00073e-05 3.6463e-06 -0.000643914 0.000108823 -1.66706e-05 4.37081e-06 
13.5 0.000236094 0.000154178 -2.29819e-05 7.47216e-06 -0.000258825 4.97149e-05 -2.24071e-06 1.39237e-06 -0.00081131 0.000132167 -1.22088e-05 5.97512e-06 -0.000936439 0.000179108 -7.04228e-06 1.07012e-05 
14.5 0.000506412 0.000154012 -2.51697e-05 8.41375e-06 -0.000341745 4.92563e-05 -5.98266e-06 1.00686e-06 -0.000536067 0.000118861 -1.36787e-05 5.29323e-06 -0.000954392 0.000176375 -1.59769e-05 6.65663e-06 
15.5 0.00102621 0.000167383 -3.71055e-06 9.93962e-06 -0.000343676 5.73278e-05 -4.69488e-06 1.20677e-06 -0.000770811 0.000119127 -2.58151e-05 4.06812e-06 -0.000408265 0.000120519 -2.59705e-05 4.24981e-06 
16.5 0.00149577 0.00021244 2.40385e-05 1.40274e-05 -0.000342574 6.26459e-05 -4.52179e-06 1.31148e-06 -0.000859792 0.00012577 -3.62091e-05 4.76705e-06 -0.000812781 0.000140698 -3.70098e-05 5.41318e-06 
17.5 0.00160363 0.000241418 4.08316e-05 1.55311e-05 -0.000427518 6.58446e-05 -3.6617e-06 1.43382e-06 -0.000749363 0.000136347 -2.93843e-05 4.78009e-06 -0.000624219 0.000164125 -3.39769e-05 6.13413e-06 
18.5 0.00339328 0.000251846 0.000151133 2.25791e-05 -0.000245003 5.91803e-05 -5.84206e-06 1.46027e-06 -0.000525975 0.000140982 -4.13553e-05 5.86234e-06 -0.000769127 0.000183026 -5.27052e-05 7.99094e-06 
19.5 0.0036131 0.000276118 0.000170621 2.57367e-05 -0.000232431 4.93266e-05 -1.26669e-05 1.38425e-06 -0.000664228 0.000175781 -4.63999e-05 8.0778e-06 -0.000920699 0.000197233 -5.29638e-05 8.96015e-06 
20.5 0.00368405 0.000308425 0.00015458 2.94784e-05 -0.00032079 6.06083e-05 -1.17617e-05 1.52578e-06 -0.000825172 0.000191177 -6.29815e-05 8.48379e-06 -0.000797949 0.000205234 -7.29027e-05 9.48837e-06 
21.5 0.0047651 0.000316404 0.000269955 3.33641e-05 -0.000426087 7.63405e-05 -1.10445e-05 2.18707e-06 -0.000641617 0.000192443 -5.46255e-05 8.48636e-06 -0.000854584 0.000217576 -6.36713e-05 1.04875e-05 
22.5 0.00577207 0.000389782 0.000371543 4.56633e-05 -0.000501529 8.45e-05 -1.94584e-05 2.513e-06 9.36734e-05 0.000196193 -7.52016e-05 1.17176e-05 -0.000474683 0.000228323 -0.000102516 1.37486e-05 
23.5 0.00688042 0.000416278 0.000446726 5.28572e-05 -0.000571938 9.5438e-05 -1.69734e-05 2.75355e-06 -0.000169329 0.000203345 -9.33737e-05 1.16655e-05 -0.000278786 0.000230675 -7.33443e-05 1.3177e-05 
24.5 0.00744127 0.000424343 0.000524571 5.6032e-05 -0.000585285 0.000101561 -2.37308e-05 3.29704e-06 -0.000520721 0.000244849 -0.000102622 1.47285e-05 -0.000167122 0.000286835 -3.5252e-05 1.70096e-05 
25.5 0.00806445 0.00048418 0.00063135 6.56997e-05 -0.000255743 8.78849e-05 -2.16502e-05 3.09281e-06 -0.000213226 0.000252469 -0.000137971 1.71782e-05 -0.000599858 0.000297112 -0.000127154 1.78554e-05 
26.5 0.00925973 0.00050096 0.000737824 7.39332e-05 -0.00049605 0.000114017 -2.40645e-05 3.78232e-06 0.00108444 0.00025732 -7.3108e-05 1.9193e-05 -0.000683188 0.000314469 -0.000151935 2.11301e-05 
27.5 0.0113394 0.000550593 0.00103511 8.8874e-05 -0.000426831 0.000131803 -1.99249e-05 5.59104e-06 0.000108428 0.000278774 -0.000132973 2.0131e-05 -0.000785209 0.000327983 -0.000198847 2.50082e-05 
28.5 0.0119248 0.000596187 0.00111809 9.88943e-05 -0.000401686 0.000126182 -2.2666e-05 4.18503e-06 0.00148733 0.000300742 -6.78422e-05 2.43616e-05 -0.000496869 0.000314427 -0.000173182 2.3281e-05 
29.5 0.0139998 0.000684008 0.00143067 0.00012254 -0.000673667 0.000159035 -2.84968e-05 7.19816e-06 0.00163013 0.000371175 -0.000111526 3.30266e-05 -8.08705e-05 0.000370703 -0.000143236 2.78393e-05 
30.5 0.0154235 0.00067536 0.00172727 0.000126452 -0.000434672 0.000154661 -2.78451e-05 6.09228e-06 0.00208069 0.000385306 -2.38443e-05 3.34056e-05 8.78351e-05 0.000405194 -0.000138322 3.14046e-05 
31.5 0.0134328 0.00072801 0.00129864 0.000128026 -0.000547769 0.000162524 -3.23876e-05 6.55539e-06 0.00114165 0.00038862 -0.000105535 3.45694e-05 0.000714188 0.000396454 -0.000200889 3.65272e-05 
32.5 0.0181995 0.000819998 0.00214615 0.000167113 -0.000768572 0.000166135 -7.25701e-05 8.00262e-06 0.00243281 0.000441791 -9.70684e-05 4.51604e-05 9.56149e-05 0.000433159 -0.000208492 3.71171e-05 
33.5 0.0182672 0.000836875 0.00218936 0.000170797 -0.000694526 0.000191254 -5.56458e-05 8.59665e-06 0.00272837 0.000462317 -3.43735e-05 4.64313e-05 0.000670599 0.000448722 -0.000197367 4.09804e-05 
34.5 0.0169849 0.000830433 0.00195994 0.000163773 -0.00057028 0.000207837 -4.85163e-05 9.05633e-06 0.00257895 0.000479972 -4.04072e-05 4.66251e-05 0.00208975 0.000519521 -0.000102111 4.99848e-05 
35.5 0.0216906 0.000960751 0.00283493 0.00021465 -0.000434056 0.00019533 -7.54657e-05 1.04425e-05 0.00400886 0.000536927 -1.3522e-05 6.11487e-05 0.00284394 0.000508614 -0.000142772 5.53208e-05 
36.5 0.0253516 0.00103194 0.00364215 0.000248417 -0.00053947 0.000215202 -7.90496e-05 1.19848e-05 0.00558381 0.000583275 0.000141997 7.21289e-05 0.00240542 0.000551495 -0.000202849 5.98913e-05 
37.5 0.023447 0.0010842 0.00308988 0.00025091 -0.00105892 0.000274283 -0.000120273 1.61799e-05 0.00534447 0.000630063 4.68905e-05 7.88675e-05 0.00300429 0.000636281 -0.000223708 7.69228e-05 
38.5 0.0250984 0.00111802 0.00348384 0.000267413 0.000192675 0.000244059 -6.99782e-05 1.46823e-05 0.0073426 0.000655177 0.000307335 9.07008e-05 0.00479929 0.000635085 -4.91466e-05 8.03301e-05 
39.5 0.0276726 0.00119267 0.0041251 0.000300411 -0.000204195 0.000290265 -8.07297e-05 1.70628e-05 0.00962298 0.00072912 0.000599047 0.000111664 0.00462687 0.000670932 -9.4203e-05 8.28896e-05 
40.5 0.0300637 0.00124682 0.00466007 0.000327106 -0.000574301 0.000286642 -0.000112867 1.86736e-05 0.00808896 0.000724865 0.000336375 0.000105212 0.00510195 0.000722162 -7.43832e-05 9.48995e-05 
41.5 0.0359919 0.00141395 0.00613302 0.000404901 -0.000185593 0.000307376 -0.000149476 2.31516e-05 0.0111835 0.000885855 0.00059156 0.000147684 0.00761422 0.000824172 0.00017639 0.000122032 
42.5 0.0324203 0.00135732 0.00510831 0.000369045 5.50783e-06 0.000315029 -0.000130488 2.33146e-05 0.0100099 0.00078927 0.000590826 0.000125556 0.00434369 0.00073771 -0.00028456 9.6138e-05 
43.5 0.038343 0.00155252 0.00666038 0.000460468 0.000365084 0.000342537 -0.000107621 2.63239e-05 0.0128624 0.000952992 0.000895528 0.00016821 0.00754026 0.000877658 7.69533e-05 0.00013412 
44.5 0.0394359 0.00158181 0.00698469 0.000473893 0.00114612 0.000361252 -6.76774e-05 2.96953e-05 0.0135697 0.00103171 0.000880054 0.000186786 0.0102247 0.000964638 0.000318383 0.000159669 
45.5 0.0374774 0.00156052 0.00639317 0.000455498 0.000432246 0.000452712 -0.000160813 3.78723e-05 0.014265 0.00104994 0.00102864 0.000194485 0.0115938 0.00101408 0.000602341 0.000175387 
46.5 0.0447195 0.00169749 0.00853574 0.000542099 0.00062317 0.000431319 -0.000172381 3.71147e-05 0.0163109 0.0011217 0.0013158 0.000221241 0.0122807 0.00106812 0.00057026 0.000189799 
47.5 0.0421924 0.00181798 0.00746911 0.000563098 0.00121227 0.000421414 -0.000115962 3.74846e-05 0.018603 0.00123052 0.00162906 0.000256766 0.0112656 0.00103671 0.000387809 0.000179191 
48.5 0.04611 0.00195289 0.00860433 0.000633396 0.00121016 0.000463062 -0.000254624 4.55419e-05 0.0187762 0.00125785 0.00168967 0.000264975 0.0132819 0.00116705 0.000570006 0.000215909 
49.5 0.0563752 0.00208636 0.0122079 0.000748156 0.00226853 0.000476447 -0.000106837 4.83465e-05 0.0230945 0.00141149 0.00244708 0.000326681 0.0185845 0.00128667 0.00152093 0.000270592 
50.5 0.0557855 0.00215482 0.0117458 0.000768282 0.00232539 0.000534842 -0.000157438 5.65425e-05 0.024613 0.00145305 0.00281483 0.000345518 0.0198552 0.0013415 0.0018361 0.000291719 
51.5 0.0552215 0.00221257 0.0114194 0.000779252 0.00251337 0.000558787 -0.000166239 6.12062e-05 0.0282952 0.00157116 0.00354919 0.000400323 0.0215444 0.00137168 0.00214088 0.000307658 
52.5 0.0583569 0.0022357 0.012598 0.000816187 0.00336902 0.000624055 -0.000133589 7.21017e-05 0.0266028 0.00155512 0.00319539 0.000385829 0.019565 0.00145001 0.00150504 0.000317459 
53.5 0.0592053 0.00231485 0.0127403 0.000850217 0.00353511 0.000615806 -0.00013308 7.32227e-05 0.0261988 0.00157955 0.00294663 0.000388613 0.0200275 0.00150169 0.0015042 0.000332457 
54.5 0.0604632 0.00244899 0.012997 0.000906241 0.00455595 0.000637868 -2.08913e-05 7.72187e-05 0.0352292 0.00182566 0.00517095 0.000515312 0.0239472 0.00157074 0.00241838 0.000374128 
55.5 0.0686162 0.00254809 0.0162054 0.00100632 0.00753421 0.000721853 0.000273907 0.000101792 0.0309976 0.00173571 0.00403135 0.000461638 0.0265638 0.00167515 0.00282656 0.000414292 
56.5 0.0636165 0.00259453 0.0139151 0.000987986 0.00650362 0.00079463 -2.53286e-06 0.00011195 0.0331798 0.00188041 0.00435908 0.000518998 0.0261905 0.00180771 0.00241708 0.000449329 
57.5 0.0695951 0.00281968 0.0159432 0.00111955 0.00502051 0.000801953 -0.000202653 0.00010748 0.0353628 0.00200137 0.00485289 0.000569671 0.0268116 0.00178243 0.00274925 0.000447996 
58.5 0.0732391 0.00291729 0.0173468 0.00118758 0.00722863 0.000915029 -0.000155538 0.000137924 0.0414561 0.00216549 0.00654815 0.000664557 0.0328826 0.00209539 0.00375391 0.000577192 
59.5 0.0806133 0.00311044 0.0201881 0.00133168 0.00695582 0.00083705 4.87805e-05 0.000123455 0.0413157 0.00220937 0.00631719 0.000675787 0.0337111 0.00208027 0.00402416 0.000578853 
60.5 0.07827 0.00308954 0.0191791 0.00130411 0.00779548 0.000955801 -0.000113281 0.000149822 0.0400285 0.002207 0.00589742 0.000667609 0.0279026 0.00199187 0.0024346 0.000511861 
61.5 0.0871879 0.00324969 0.0229678 0.00144806 0.00871848 0.000998595 5.42998e-05 0.000161911 0.0529391 0.0025583 0.00978996 0.000887918 0.0391503 0.00230994 0.00533033 0.000692394 
62.5 0.0818012 0.00341227 0.0199564 0.00147364 0.00513436 0.000960844 -0.000602091 0.000142678 0.0475258 0.00256607 0.00768669 0.000846378 0.0288662 0.00219271 0.00214816 0.000578042 
63.5 0.0878368 0.00340572 0.0228708 0.001525 0.00617127 0.000995791 -0.000406827 0.00015475 0.0425347 0.00248489 0.00601239 0.000775665 0.0320005 0.00217086 0.00329305 0.000597079 
64.5 0.0916972 0.00354901 0.0243915 0.00162315 0.00958324 0.00111733 -6.54496e-05 0.000188363 0.0536384 0.00272283 0.00960815 0.000953611 0.037708 0.00235695 0.00466789 0.000695141 
65.5 0.0945076 0.0037198 0.0252853 0.00172655 0.00980861 0.00108023 5.75859e-05 0.000183223 0.0539204 0.00288345 0.00916302 0.00100877 0.0422205 0.00253766 0.00577743 0.000796119 
66.5 0.0986367 0.0037835 0.0271832 0.00179553 0.0095662 0.00114646 -0.000154854 0.000196534 0.0582681 0.00285779 0.0111074 0.00104273 0.0402606 0.00249215 0.00515702 0.000761406 
67.5 0.101169 0.00397823 0.027968 0.00191299 0.0106174 0.00127672 -0.000281576 0.000228796 0.0585994 0.00315673 0.0102705 0.0011609 0.0403207 0.00270491 0.00447231 0.000833206 
68.5 0.0981488 0.00396366 0.0264137 0.00187918 0.0116018 0.00130687 -0.000166863 0.000240263 0.0626779 0.00318446 0.0119619 0.00120787 0.0421792 0.00269928 0.0051787 0.000843567 
69.5 0.10612 0.00421674 0.0298791 0.00207536 0.0114376 0.0012647 -0.000172193 0.000224851 0.0665522 0.00338347 0.0129926 0.00132343 0.0405631 0.00259575 0.00493472 0.000797323 
70.5 0.109624 0.00427213 0.0315453 0.00214032 0.0103313 0.00142525 -0.000794236 0.000259087 0.0681005 0.00344571 0.0135775 0.00136056 0.0386394 0.00283003 0.00339316 0.00085386 
71.5 0.105011 0.00434829 0.0287942 0.00213438 0.0104859 0.00150735 -0.001067 0.000279809 0.0683476 0.00366401 0.0129065 0.00145516 0.0448571 0.00305729 0.00497588 0.000990242 
72.5 0.102031 0.00445278 0.0269308 0.00215416 0.00940679 0.00139531 -0.000953377 0.000250778 0.0679552 0.00368649 0.0125948 0.00145808 0.0411856 0.00296392 0.0038095 0.000922967 
73.5 0.109222 0.0045783 0.0303815 0.0023011 0.00675913 0.00143 -0.00171989 0.000248382 0.0633046 0.00354693 0.0110259 0.00135995 0.038494 0.00295147 0.00283927 0.000898952 
74.5 0.107235 0.0046624 0.0289959 0.00231468 0.011081 0.00142547 -0.000593584 0.000267197 0.0663348 0.00377579 0.0115312 0.0014788 0.041958 0.00302667 0.00395656 0.000955987 
75.5 0.0970246 0.00457274 0.0238258 0.00215721 0.0055715 0.00144804 -0.00207168 0.000249444 0.0600482 0.00383833 0.0083887 0.00144254 0.0326051 0.00294029 0.000615026 0.000837377 
76.5 0.107477 0.00482084 0.0285524 0.00239372 0.0056376 0.00150382 -0.00225496 0.000263897 0.0695902 0.00410313 0.0117722 0.00164978 0.0365265 0.00317409 0.00113004 0.000947461 
77.5 0.0964762 0.00468098 0.0231076 0.00219974 0.00490511 0.00157519 -0.00263781 0.000277541 0.0598174 0.0039653 0.00781685 0.00148962 0.0294841 0.00305157 -0.0010092 0.000843828 
78.5 0.0894329 0.00475688 0.0190775 0.00216328 0.00159541 0.00153339 -0.0033263 0.000259798 0.0493421 0.00389302 0.00336244 0.00134376 0.0186876 0.00293411 -0.00457758 0.000701182 
79.5 0.0943495 0.0048213 0.0214358 0.00224642 0.00265448 0.00158755 -0.0033018 0.000274134 0.0546395 0.0040158 0.0052048 0.00144998 0.0235558 0.00301278 -0.00313017 0.000771621 
80.5 0.0943062 0.00501428 0.0206155 0.00234491 0.00239217 0.00167745 -0.003859 0.000290977 0.0627515 0.00433916 0.00753644 0.00168069 0.0263982 0.00322569 -0.00308472 0.00086307 
81.5 0.093843 0.00515218 0.01979 0.00241691 -0.00115427 0.00169009 -0.00484686 0.000285728 0.0547236 0.00440313 0.00343745 0.00160757 0.0195673 0.00323583 -0.00577757 0.000795597 
82.5 0.0832425 0.00512178 0.0142438 0.0022604 -0.00373934 0.00158101 -0.00500858 0.000259958 0.0499184 0.00423104 0.00205323 0.00148396 0.0112382 0.00295354 -0.00742679 0.000635421 
83.5 0.0683474 0.00462674 0.00891868 0.00185344 -0.00575754 0.00149886 -0.00510609 0.000252975 0.0408034 0.00404156 -0.00110992 0.00130232 0.00820296 0.00277084 -0.00744679 0.000572725 
84.5 0.0643952 0.00481612 0.00599484 0.00187825 -0.0135333 0.00132652 -0.0057295 0.000267255 0.03183 0.00402178 -0.00495313 0.00118057 -0.00575368 0.00248909 -0.0105801 0.000428845 
85.5 0.0639225 0.00490727 0.00531243 0.0019104 -0.0125526 0.00140473 -0.00619392 0.000271979 0.0271466 0.00406216 -0.00722813 0.00112971 -0.00435067 0.00262415 -0.0109359 0.000457655 
86.5 0.0485906 0.00465631 -0.000838399 0.00160981 -0.0157101 0.00121766 -0.00579091 0.000264268 0.0141646 0.00363503 -0.0101156 0.000849194 -0.0151831 0.00217056 -0.0116278 0.000387741 
87.5 0.0437467 0.00467072 -0.00320252 0.00155072 -0.0173177 0.00138171 -0.00701337 0.00030311 0.0170156 0.003933 -0.0106701 0.000973794 -0.012577 0.00247173 -0.0126642 0.000421699 
88.5 0.0261634 0.00416563 -0.00830615 0.0011438 -0.0235835 0.0011604 -0.00680078 0.000338384 -0.0027196 0.00336491 -0.0150531 0.000594709 -0.0239394 0.00200525 -0.0129962 0.000422685 
89.5 0.00869804 0.00385427 -0.0138773 0.000829906 -0.0270708 0.00106764 -0.00607684 0.0003643 -0.0162726 0.00287454 -0.0166569 0.000462439 -0.0323742 0.00163421 -0.012398 0.000507415 
90.5 -0.00148084 0.00361018 -0.0163291 0.000676437 -0.0272593 0.000981072 -0.0057675 0.000342888 -0.0219944 0.0027612 -0.017854 0.000446712 -0.0354974 0.0014752 -0.0121293 0.000523787 
91.5 -0.0139835 0.00319132 -0.018307 0.000520261 -0.0310159 0.000988645 -0.00470161 0.000358664 -0.0348747 0.00212379 -0.017205 0.000553743 -0.0414401 0.00117325 -0.0098892 0.000580683 
92.5 -0.0241999 0.00287266 -0.0195988 0.000500229 -0.0345562 0.000987943 -0.00481801 0.000396192 -0.0420584 0.00197227 -0.0183099 0.00064128 -0.0477296 0.00109679 -0.0105291 0.000673818 
93.5 -0.0360415 0.00227501 -0.0189865 0.000593878 -0.0333868 0.00103134 -0.00291886 0.000335425 -0.0467401 0.0014276 -0.0146767 0.000696772 -0.045114 0.00106298 -0.00668609 0.00056705 
94.5 -0.0497578 0.00154467 -0.0168039 0.000794846 -0.0323808 0.00110877 -0.00151375 0.000277508 -0.0531212 0.00105613 -0.0117301 0.000759788 -0.04539 0.00114398 -0.00426222 0.00050968 
95.5 -0.0567203 0.00132263 -0.0160349 0.000901026 -0.0315151 0.0011992 -0.000898833 0.000241907 -0.0568096 0.00101936 -0.0101517 0.000798933 -0.0453047 0.00128643 -0.00295312 0.000468125 
96.5 -0.0636582 0.00107268 -0.0116605 0.000941736 -0.0331532 0.00130877 -7.64038e-05 0.000228138 -0.0608056 0.0011397 -0.00684963 0.000792005 -0.046126 0.00143518 -0.00137118 0.000427438 
97.5 -0.0635538 0.00116666 -0.00937968 0.000900086 -0.0330919 0.00140939 0.000438617 0.000209578 -0.0588095 0.0013644 -0.00462041 0.000703123 -0.0461269 0.00159679 -0.000399692 0.000391025 
98.5 -0.0459607 0.00200732 0.00181551 0.00028635 -0.0178906 0.00134926 0.00166318 0.000121496 -0.0371328 0.00190753 0.00249585 0.000160582 -0.025172 0.00170873 0.00245856 0.000125312 
99.5 -0.0281857 0.00204254 0.0033168 0.000162218 -0.00687755 0.000771418 0.000706106 9.29509e-05 -0.0204696 0.00170788 0.00260473 0.000171445 -0.0115594 0.00117425 0.00142657 0.000136512 
